41 0.625521 0.122685 0.012500 0.069444
41 0.702865 0.298148 0.013021 0.066667
5 0.269010 0.397222 0.019271 0.059259
5 0.346875 0.566667 0.017708 0.064815
49 0.407552 0.405556 0.013021 0.059259
5 0.472135 0.589815 0.017188 0.068519
44 0.510417 0.408796 0.016667 0.063889
44 0.585156 0.580556 0.014063 0.064815
12 0.622396 0.408333 0.013542 0.059259
12 0.696354 0.582870 0.015625 0.060185
51 0.392448 0.684259 0.014063 0.064815
51 0.465104 0.864815 0.014583 0.061111
38 0.515104 0.691204 0.013542 0.054630
38 0.579948 0.883333 0.015104 0.064815
