23 0.270573 0.115741 0.015104 0.057407
23 0.346875 0.295370 0.019792 0.066667
16 0.494792 0.117130 0.015625 0.065741
16 0.567708 0.298148 0.014583 0.061111
15 0.276042 0.393981 0.016667 0.062037
15 0.353906 0.569907 0.013021 0.067593
24 0.390885 0.397685 0.020313 0.060185
24 0.454948 0.590741 0.016146 0.064815
1 0.488802 0.398611 0.017188 0.067593
1 0.558333 0.577778 0.013542 0.064815
29 0.601823 0.406019 0.016146 0.058333
29 0.678125 0.581481 0.017708 0.062963
14 0.486719 0.673148 0.016146 0.059259
14 0.554167 0.859259 0.018750 0.062963
