24 0.271875 0.100926 0.021875 0.070370
24 0.352604 0.277315 0.016667 0.075000
47 0.387760 0.106019 0.020313 0.069444
47 0.460677 0.280093 0.017188 0.065741
48 0.493750 0.115741 0.019792 0.061111
52 0.571094 0.288426 0.017188 0.075000
46 0.612240 0.125463 0.015104 0.058333
46 0.690365 0.295370 0.015104 0.066667
0 0.282292 0.400463 0.019792 0.071296
0 0.355469 0.583796 0.019271 0.073148
33 0.386719 0.402778 0.017188 0.064815
33 0.462240 0.578704 0.014063 0.068519
19 0.491927 0.410185 0.017188 0.066667
19 0.569531 0.588426 0.017188 0.063889
35 0.610677 0.412037 0.018229 0.059259
35 0.682552 0.590278 0.018229 0.067593
38 0.284635 0.690741 0.013021 0.062963
38 0.353385 0.882870 0.014063 0.063889
1 0.393490 0.688889 0.015104 0.059259
1 0.468490 0.866204 0.017188 0.075000
34 0.498177 0.681481 0.017188 0.064815
34 0.571094 0.861574 0.017188 0.067593
8 0.610417 0.686574 0.014583 0.060185
8 0.683594 0.869907 0.020313 0.062037
