45 0.290885 0.095370 0.015104 0.059259
45 0.361979 0.285185 0.018750 0.075926
20 0.395833 0.138426 0.019792 0.067593
20 0.469271 0.312037 0.015625 0.061111
51 0.497917 0.124074 0.015625 0.066667
49 0.577604 0.292593 0.016667 0.068519
12 0.618750 0.112963 0.017708 0.068519
12 0.693229 0.284259 0.018750 0.061111
14 0.294792 0.399074 0.017708 0.051852
14 0.371615 0.577778 0.015104 0.064815
17 0.407813 0.415741 0.019792 0.066667
17 0.485677 0.585648 0.020313 0.063889
39 0.522917 0.396296 0.018750 0.062963
39 0.596354 0.575000 0.014583 0.070370
7 0.622917 0.414352 0.020833 0.069444
7 0.699740 0.583333 0.021354 0.070370
44 0.291406 0.698148 0.017188 0.064815
44 0.370312 0.866667 0.015625 0.070370
29 0.404687 0.691204 0.018750 0.067593
29 0.473698 0.871296 0.014063 0.064815
11 0.520573 0.693519 0.020313 0.068519
11 0.589323 0.876389 0.019271 0.073148
5 0.631250 0.727315 0.016667 0.067593
5 0.696094 0.915741 0.010937 0.068519
