11 0.294010 0.104630 0.021354 0.068519
11 0.367708 0.285648 0.019792 0.060185
28 0.621615 0.146759 0.017188 0.065741
28 0.705990 0.316667 0.021354 0.070370
20 0.290365 0.381481 0.023438 0.064815
20 0.370573 0.554630 0.017188 0.064815
50 0.402083 0.393519 0.017708 0.074074
50 0.476823 0.567593 0.017188 0.068519
34 0.515885 0.387500 0.020313 0.067593
34 0.582812 0.568981 0.018750 0.063889
30 0.624740 0.398148 0.015104 0.064815
30 0.691927 0.581944 0.016146 0.067593
8 0.511198 0.681019 0.017188 0.063889
8 0.594792 0.850926 0.019792 0.068519
36 0.613802 0.663426 0.015104 0.062037
36 0.694271 0.835648 0.016667 0.065741
