31 0.280729 0.101852 0.016667 0.066667
31 0.356510 0.278704 0.014063 0.062963
49 0.383333 0.117593 0.016667 0.064815
49 0.459896 0.296296 0.012500 0.064815
16 0.503125 0.105556 0.014583 0.059259
16 0.586979 0.268519 0.017708 0.064815
15 0.613281 0.110185 0.016146 0.062963
15 0.683594 0.282870 0.014063 0.069444
28 0.284896 0.403241 0.021875 0.063889
28 0.360677 0.577778 0.016146 0.070370
23 0.390365 0.422222 0.018229 0.066667
23 0.462240 0.598148 0.017188 0.072222
41 0.502083 0.436111 0.018750 0.072222
41 0.572917 0.616667 0.017708 0.074074
36 0.625521 0.401852 0.016667 0.072222
36 0.701042 0.581944 0.018750 0.062037
30 0.279948 0.672685 0.019271 0.060185
30 0.353646 0.851389 0.014583 0.067593
10 0.387500 0.668519 0.015625 0.062963
10 0.447135 0.860648 0.018229 0.065741
50 0.495052 0.684722 0.014063 0.062037
50 0.566667 0.864815 0.017708 0.066667
37 0.617448 0.687963 0.019271 0.066667
37 0.686458 0.873611 0.016667 0.067593
