22 0.278906 0.098611 0.017188 0.056481
22 0.347135 0.289815 0.014063 0.074074
38 0.376563 0.089352 0.018750 0.065741
38 0.460677 0.267593 0.018229 0.068519
4 0.486979 0.119907 0.021875 0.065741
4 0.569531 0.289815 0.021354 0.066667
13 0.607552 0.126852 0.017188 0.066667
13 0.678125 0.305556 0.012500 0.070370
19 0.268750 0.408796 0.015625 0.058333
19 0.341667 0.590741 0.015625 0.064815
43 0.383854 0.413426 0.015625 0.067593
43 0.462240 0.582407 0.018229 0.064815
32 0.509896 0.390741 0.017708 0.061111
32 0.578385 0.575000 0.015104 0.064815
26 0.605469 0.405556 0.014063 0.064815
26 0.680208 0.582870 0.011458 0.071296
18 0.289062 0.698148 0.015625 0.064815
18 0.361198 0.881944 0.015104 0.065741
1 0.403906 0.683333 0.015104 0.064815
1 0.472656 0.870370 0.015104 0.068519
25 0.507552 0.684722 0.013021 0.067593
25 0.582031 0.856481 0.017188 0.066667
46 0.601042 0.683333 0.016667 0.059259
46 0.682552 0.850000 0.015104 0.064815
