37 0.282031 0.087037 0.014063 0.064815
37 0.348698 0.279167 0.017188 0.067593
48 0.397135 0.117130 0.010937 0.065741
48 0.473438 0.296759 0.013542 0.065741
47 0.508854 0.106481 0.015625 0.064815
47 0.575781 0.292130 0.017188 0.062037
0 0.605469 0.122222 0.017188 0.064815
0 0.682031 0.288889 0.017188 0.064815
8 0.273438 0.394907 0.021875 0.065741
8 0.359375 0.555556 0.020833 0.064815
2 0.391927 0.393981 0.016146 0.067593
2 0.464062 0.572685 0.014583 0.067593
3 0.497917 0.394907 0.015625 0.069444
3 0.573698 0.563426 0.013021 0.065741
41 0.601823 0.406019 0.016146 0.071296
41 0.679948 0.574537 0.017188 0.075000
12 0.288021 0.689815 0.015625 0.064815
12 0.362500 0.868981 0.014583 0.071296
40 0.402083 0.694907 0.014583 0.076852
40 0.474740 0.871759 0.014063 0.060185
9 0.503385 0.729167 0.020313 0.063889
9 0.585417 0.895833 0.016667 0.073148
14 0.605729 0.681019 0.013542 0.063889
14 0.678125 0.866667 0.015625 0.064815
