33 0.389583 0.114352 0.014583 0.065741
33 0.464323 0.292593 0.022396 0.068519
25 0.608073 0.118056 0.016146 0.073148
25 0.689844 0.284259 0.020313 0.066667
3 0.258333 0.404630 0.017708 0.072222
3 0.342187 0.570833 0.019792 0.067593
6 0.380469 0.404630 0.017188 0.066667
6 0.461979 0.575463 0.017708 0.067593
4 0.503646 0.394907 0.020833 0.065741
4 0.575260 0.580093 0.015104 0.065741
2 0.612240 0.398148 0.014063 0.064815
2 0.680990 0.581481 0.015104 0.062963
42 0.273698 0.683796 0.016146 0.063889
42 0.353125 0.862500 0.017708 0.067593
17 0.507552 0.689352 0.016146 0.075000
17 0.580469 0.866204 0.014063 0.063889
