11 0.279948 0.103241 0.018229 0.071296
11 0.347656 0.285648 0.018229 0.065741
39 0.398698 0.107870 0.017188 0.067593
39 0.468490 0.291204 0.017188 0.063889
36 0.507292 0.112963 0.016667 0.062963
36 0.577865 0.298148 0.017188 0.062963
28 0.619792 0.111111 0.014583 0.059259
28 0.691927 0.291204 0.013021 0.063889
24 0.279948 0.387963 0.015104 0.062963
24 0.346875 0.576389 0.014583 0.067593
51 0.397135 0.408333 0.014063 0.070370
51 0.467187 0.586111 0.014583 0.064815
20 0.503125 0.407870 0.016667 0.062037
20 0.576823 0.588426 0.015104 0.065741
15 0.611458 0.404630 0.013542 0.057407
15 0.681771 0.586574 0.016667 0.067593
7 0.282292 0.678704 0.017708 0.070370
7 0.351302 0.865278 0.013021 0.067593
5 0.397917 0.680093 0.018750 0.073148
5 0.466146 0.860648 0.015625 0.065741
23 0.504427 0.695833 0.017188 0.069444
23 0.577604 0.870370 0.014583 0.062963
29 0.609115 0.699537 0.014063 0.071296
29 0.680469 0.881944 0.014063 0.071296
