40 0.286198 0.118056 0.015104 0.062037
40 0.363542 0.302315 0.015625 0.058333
9 0.392188 0.115278 0.015625 0.062037
9 0.467708 0.292593 0.016667 0.062963
18 0.495833 0.116204 0.018750 0.067593
18 0.573698 0.288426 0.015104 0.069444
32 0.608073 0.113889 0.015104 0.064815
32 0.683854 0.289815 0.018750 0.061111
25 0.276823 0.391667 0.016146 0.059259
25 0.357292 0.565278 0.015625 0.062037
21 0.386458 0.396759 0.016667 0.062037
21 0.461198 0.571296 0.016146 0.064815
42 0.492969 0.406019 0.013021 0.052778
42 0.568229 0.588426 0.014583 0.069444
2 0.608854 0.392130 0.017708 0.065741
2 0.680990 0.568519 0.016146 0.064815
22 0.273698 0.675463 0.015104 0.063889
22 0.352604 0.852315 0.015625 0.060185
43 0.384896 0.676389 0.016667 0.067593
43 0.464583 0.843981 0.018750 0.069444
13 0.497656 0.687037 0.018229 0.064815
13 0.576042 0.862037 0.016667 0.066667
26 0.604427 0.685185 0.017188 0.062963
26 0.677344 0.865741 0.014063 0.064815
