45 0.387500 0.085648 0.015625 0.058333
45 0.455469 0.269907 0.013021 0.063889
46 0.515365 0.106019 0.016146 0.056481
46 0.591667 0.284722 0.014583 0.062037
47 0.277865 0.388889 0.013021 0.064815
47 0.349219 0.568981 0.013021 0.067593
35 0.384375 0.409722 0.015625 0.063889
35 0.455469 0.589815 0.013021 0.062963
26 0.502865 0.409722 0.014063 0.062037
26 0.576823 0.588889 0.013021 0.055556
37 0.621615 0.410648 0.015104 0.063889
37 0.689063 0.595833 0.015625 0.063889
7 0.391927 0.687037 0.016146 0.064815
7 0.465625 0.867130 0.014583 0.067593
19 0.610417 0.686574 0.014583 0.065741
19 0.684375 0.868519 0.015625 0.059259
