26 0.278906 0.111574 0.014063 0.058333
26 0.360417 0.285648 0.016667 0.063889
21 0.399479 0.108796 0.012500 0.063889
21 0.470573 0.288426 0.014063 0.071296
9 0.509635 0.107407 0.020313 0.068519
9 0.585417 0.277315 0.017708 0.071296
18 0.285677 0.393519 0.017188 0.062963
18 0.367188 0.568056 0.015625 0.062037
13 0.398177 0.395370 0.013021 0.064815
13 0.469010 0.575926 0.014063 0.066667
31 0.505729 0.371759 0.015625 0.062037
31 0.577344 0.550463 0.017188 0.062037
48 0.615365 0.379630 0.017188 0.062963
48 0.690625 0.556481 0.015625 0.074074
0 0.392188 0.682870 0.015625 0.056481
0 0.453906 0.875463 0.010937 0.067593
40 0.499740 0.671759 0.014063 0.067593
40 0.568750 0.861111 0.015625 0.064815
22 0.604688 0.679630 0.018750 0.057407
22 0.679948 0.862037 0.017188 0.062963
