29 0.283073 0.116204 0.016146 0.062037
29 0.359115 0.294444 0.013021 0.064815
30 0.293490 0.390278 0.017188 0.062037
30 0.365885 0.573611 0.010937 0.056481
1 0.403125 0.410185 0.013542 0.061111
1 0.471875 0.594907 0.014583 0.073148
23 0.397917 0.687037 0.018750 0.075926
23 0.464844 0.875926 0.013021 0.061111
24 0.499219 0.402315 0.021354 0.067593
24 0.578906 0.570370 0.020313 0.066667
8 0.619010 0.417130 0.019271 0.071296
8 0.681510 0.601389 0.020313 0.073148
15 0.612760 0.126852 0.016146 0.062963
15 0.695052 0.291204 0.018229 0.076852
