30 0.291927 0.137037 0.017188 0.062963
30 0.365365 0.320833 0.015104 0.060185
29 0.417187 0.385185 0.019792 0.068519
29 0.467969 0.585185 0.019271 0.070370
15 0.515885 0.115741 0.020313 0.068519
15 0.598177 0.281019 0.017188 0.073148
23 0.516146 0.399537 0.014583 0.062037
23 0.591146 0.572685 0.015625 0.067593
24 0.621354 0.394444 0.017708 0.064815
24 0.704688 0.559722 0.018750 0.062037
8 0.518229 0.676389 0.019792 0.067593
8 0.578646 0.868981 0.015625 0.075000
1 0.286979 0.394444 0.019792 0.064815
1 0.353385 0.584722 0.015104 0.067593
