34 0.500000 0.393519 0.017708 0.066667
34 0.571615 0.569444 0.016146 0.059259
33 0.499479 0.681481 0.015625 0.064815
33 0.571615 0.857407 0.013021 0.059259
24 0.597917 0.681481 0.014583 0.059259
24 0.676042 0.859259 0.018750 0.061111
3 0.605990 0.405093 0.014063 0.062037
3 0.679427 0.573148 0.016146 0.066667
2 0.608073 0.119907 0.019271 0.063889
2 0.675521 0.295833 0.014583 0.067593
8 0.501563 0.102315 0.019792 0.067593
8 0.571354 0.281944 0.017708 0.073148
6 0.390104 0.103241 0.012500 0.058333
6 0.461719 0.292130 0.016146 0.067593
48 0.284896 0.099074 0.015625 0.066667
48 0.356771 0.283333 0.011458 0.064815
38 0.279427 0.397685 0.017188 0.065741
38 0.357292 0.575926 0.015625 0.061111
4 0.290625 0.669444 0.015625 0.064815
4 0.354687 0.859259 0.014583 0.066667
35 0.391146 0.681019 0.014583 0.060185
35 0.465365 0.857870 0.017188 0.063889
47 0.391927 0.396759 0.018229 0.062037
47 0.465104 0.572685 0.014583 0.062037
