32 0.288021 0.674074 0.021875 0.062963
32 0.364583 0.853241 0.017708 0.067593
24 0.292448 0.378704 0.019271 0.064815
24 0.365885 0.556481 0.018229 0.077778
27 0.391667 0.402315 0.018750 0.062037
27 0.468229 0.575463 0.012500 0.067593
26 0.501823 0.398611 0.017188 0.056481
26 0.580990 0.576852 0.017188 0.064815
25 0.623958 0.402315 0.018750 0.073148
25 0.684896 0.591667 0.016667 0.064815
10 0.506510 0.106019 0.017188 0.069444
10 0.582031 0.284259 0.017188 0.068519
16 0.279167 0.100463 0.017708 0.060185
16 0.353906 0.281481 0.019271 0.062963
