35 0.288542 0.101852 0.016667 0.062963
35 0.359375 0.289815 0.017708 0.072222
34 0.287240 0.391667 0.014063 0.059259
34 0.367448 0.563426 0.017188 0.069444
24 0.397135 0.079630 0.017188 0.057407
24 0.469010 0.264815 0.014063 0.066667
33 0.503646 0.096296 0.015625 0.068519
33 0.579427 0.269444 0.014063 0.064815
1 0.610938 0.124074 0.017708 0.062963
1 0.681771 0.303704 0.016667 0.072222
47 0.401042 0.398148 0.017708 0.059259
47 0.476302 0.571759 0.017188 0.065741
19 0.513281 0.403241 0.016146 0.071296
19 0.584375 0.583796 0.015625 0.073148
38 0.616927 0.416204 0.018229 0.062037
38 0.687240 0.597685 0.015104 0.062037
46 0.283854 0.687500 0.014583 0.067593
46 0.356250 0.873148 0.014583 0.066667
8 0.395052 0.705093 0.013021 0.065741
8 0.473958 0.875926 0.018750 0.068519
48 0.508073 0.696759 0.017188 0.067593
48 0.585156 0.868056 0.014063 0.062037
0 0.617708 0.686574 0.016667 0.069444
0 0.689323 0.864352 0.017188 0.073148
