31 0.279687 0.099074 0.015625 0.066667
31 0.357292 0.284259 0.018750 0.077778
30 0.378646 0.101852 0.016667 0.072222
30 0.451823 0.284259 0.016146 0.068519
28 0.286198 0.400000 0.018229 0.053704
28 0.362760 0.574074 0.014063 0.064815
10 0.388542 0.398611 0.021875 0.073148
10 0.461198 0.576852 0.022396 0.064815
16 0.509635 0.411574 0.018229 0.063889
16 0.576823 0.596759 0.019271 0.060185
36 0.627604 0.404630 0.018750 0.066667
36 0.698177 0.583333 0.018229 0.064815
37 0.615104 0.689815 0.017708 0.070370
37 0.686979 0.879167 0.015625 0.073148
50 0.494531 0.681019 0.019271 0.054630
50 0.565885 0.864815 0.013021 0.068519
49 0.275781 0.690278 0.014063 0.067593
49 0.352344 0.862500 0.016146 0.067593
23 0.371875 0.674537 0.015625 0.062037
23 0.452083 0.843981 0.019792 0.069444
