38 0.504167 0.687963 0.017708 0.062963
38 0.577344 0.865278 0.017188 0.067593
34 0.272917 0.112500 0.020833 0.067593
34 0.352865 0.291204 0.018229 0.065741
33 0.504167 0.115741 0.019792 0.062963
33 0.583594 0.294444 0.020313 0.068519
13 0.623698 0.130556 0.019271 0.064815
13 0.701562 0.299074 0.017708 0.066667
21 0.385937 0.130556 0.017708 0.064815
21 0.463021 0.303704 0.021875 0.068519
1 0.389062 0.417593 0.021875 0.062963
1 0.466927 0.581944 0.020313 0.062037
4 0.505729 0.413426 0.018750 0.067593
4 0.580469 0.589352 0.017188 0.067593
46 0.614583 0.412963 0.016667 0.061111
46 0.691927 0.587037 0.016146 0.061111
19 0.277604 0.409722 0.016667 0.062037
19 0.348438 0.590278 0.016667 0.062037
22 0.280729 0.686574 0.014583 0.063889
22 0.352865 0.869907 0.016146 0.062037
18 0.386198 0.694444 0.017188 0.066667
18 0.462240 0.871296 0.014063 0.064815
25 0.611198 0.690741 0.016146 0.062963
25 0.688802 0.868981 0.018229 0.069444
