21 0.384896 0.131481 0.013542 0.059259
21 0.462240 0.297685 0.018229 0.056481
1 0.514323 0.116667 0.018229 0.059259
1 0.580990 0.306481 0.017188 0.066667
13 0.621615 0.131019 0.015104 0.065741
13 0.700260 0.298148 0.017188 0.066667
33 0.398958 0.432870 0.016667 0.062037
33 0.464323 0.616204 0.019271 0.063889
34 0.352604 0.581944 0.018750 0.062037
4 0.504687 0.409259 0.017708 0.064815
4 0.581510 0.592593 0.019271 0.066667
38 0.633073 0.406944 0.017188 0.062037
38 0.707812 0.583796 0.018750 0.062037
18 0.283073 0.681019 0.015104 0.060185
18 0.363021 0.861574 0.014583 0.062037
22 0.397917 0.697685 0.015625 0.063889
22 0.457813 0.892593 0.017708 0.055556
46 0.497135 0.705093 0.017188 0.056481
46 0.582031 0.868056 0.017188 0.056481
25 0.609115 0.691667 0.020313 0.070370
25 0.688021 0.865278 0.016667 0.067593
