42 0.273958 0.685185 0.015625 0.061111
42 0.351562 0.863426 0.014583 0.065741
4 0.279948 0.413889 0.016146 0.061111
4 0.362240 0.583796 0.016146 0.067593
17 0.400521 0.389815 0.014583 0.064815
17 0.471354 0.573611 0.015625 0.062037
3 0.504687 0.390278 0.016667 0.062037
3 0.578125 0.569444 0.018750 0.070370
6 0.503125 0.683333 0.019792 0.064815
6 0.587500 0.849074 0.018750 0.064815
2 0.619010 0.107407 0.016146 0.068519
2 0.694010 0.277778 0.017188 0.059259
25 0.615885 0.401852 0.016146 0.066667
25 0.688021 0.584722 0.014583 0.067593
33 0.395573 0.106481 0.017188 0.064815
33 0.468750 0.291667 0.014583 0.064815
