7 0.618490 0.407407 0.015104 0.062963
7 0.688802 0.583333 0.015104 0.064815
6 0.403125 0.101389 0.018750 0.067593
6 0.474219 0.284722 0.018229 0.067593
12 0.617708 0.111574 0.018750 0.065741
12 0.692448 0.288426 0.014063 0.065741
20 0.288802 0.381019 0.017188 0.065741
20 0.357292 0.568056 0.016667 0.067593
17 0.287760 0.678704 0.019271 0.064815
17 0.362500 0.856019 0.017708 0.067593
39 0.414062 0.670370 0.015625 0.064815
39 0.488542 0.850926 0.018750 0.074074
44 0.410156 0.401389 0.015104 0.073148
44 0.485938 0.574074 0.017708 0.070370
51 0.286979 0.101852 0.017708 0.066667
51 0.358854 0.290278 0.015625 0.073148
29 0.517448 0.398611 0.017188 0.067593
29 0.585417 0.584722 0.016667 0.073148
