22 0.276562 0.093056 0.015625 0.062037
22 0.347656 0.281481 0.016146 0.057407
13 0.388281 0.104167 0.017188 0.067593
13 0.454167 0.291204 0.017708 0.069444
9 0.491667 0.114815 0.015625 0.064815
9 0.564063 0.295370 0.018750 0.068519
2 0.611458 0.101389 0.015625 0.062037
2 0.685156 0.278704 0.017188 0.057407
18 0.278646 0.372685 0.018750 0.060185
18 0.352604 0.557870 0.015625 0.065741
40 0.385677 0.381944 0.015104 0.067593
40 0.457031 0.562963 0.013021 0.064815
43 0.494531 0.399537 0.016146 0.062037
43 0.575000 0.571759 0.015625 0.063889
32 0.613021 0.401389 0.016667 0.062037
32 0.682292 0.585648 0.018750 0.065741
26 0.618490 0.679630 0.014063 0.061111
26 0.685156 0.867593 0.020313 0.062963
25 0.496094 0.673611 0.016146 0.056481
25 0.572656 0.849537 0.017188 0.065741
42 0.380208 0.677315 0.014583 0.067593
42 0.452344 0.858796 0.017188 0.067593
21 0.276823 0.673611 0.016146 0.062037
21 0.350260 0.841204 0.017188 0.065741
