32 0.497656 0.406019 0.018229 0.065741
32 0.572656 0.577315 0.018229 0.063889
26 0.500000 0.675463 0.014583 0.063889
26 0.577604 0.853241 0.014583 0.062037
2 0.612760 0.679630 0.016146 0.072222
2 0.683594 0.853241 0.017188 0.062037
13 0.612500 0.400000 0.017708 0.064815
13 0.685677 0.569444 0.016146 0.070370
42 0.604167 0.091204 0.014583 0.056481
42 0.676042 0.274537 0.018750 0.065741
25 0.294531 0.107870 0.014063 0.062037
25 0.369010 0.291667 0.017188 0.064815
43 0.395052 0.083796 0.015104 0.063889
43 0.468750 0.266204 0.017708 0.071296
40 0.499740 0.103241 0.017188 0.063889
40 0.571875 0.287037 0.018750 0.061111
18 0.284375 0.412500 0.021875 0.062037
18 0.365625 0.586111 0.020833 0.070370
22 0.390104 0.404167 0.021875 0.062037
22 0.471875 0.574074 0.016667 0.064815
21 0.397396 0.687037 0.019792 0.064815
21 0.470052 0.853704 0.020313 0.062963
9 0.282292 0.689352 0.019792 0.071296
21 0.360417 0.863426 0.021875 0.080556
