37 0.282031 0.087037 0.017188 0.070370
37 0.348698 0.280093 0.021354 0.075000
0 0.379427 0.132870 0.019271 0.062037
0 0.460417 0.305093 0.017708 0.076852
47 0.508594 0.102778 0.013021 0.064815
47 0.575260 0.290278 0.016146 0.067593
9 0.619531 0.102315 0.019271 0.067593
9 0.688021 0.281944 0.016667 0.067593
3 0.281771 0.403241 0.018750 0.069444
3 0.360417 0.577315 0.015625 0.065741
2 0.391406 0.395833 0.017188 0.062037
2 0.465104 0.572222 0.017708 0.064815
8 0.504427 0.389815 0.017188 0.059259
8 0.579427 0.568056 0.017188 0.067593
41 0.610677 0.403241 0.015104 0.063889
41 0.682813 0.582870 0.015625 0.069444
14 0.605469 0.676852 0.017188 0.066667
14 0.678646 0.866667 0.016667 0.064815
48 0.503385 0.682407 0.014063 0.061111
48 0.575260 0.868056 0.015104 0.062037
40 0.401562 0.688889 0.018750 0.059259
40 0.475000 0.872685 0.016667 0.067593
12 0.288542 0.689815 0.016667 0.059259
12 0.362760 0.867593 0.017188 0.066667
