33 0.281771 0.134722 0.025000 0.060185
33 0.366667 0.301389 0.015625 0.069444
34 0.399740 0.142130 0.018229 0.063889
34 0.482292 0.305556 0.012500 0.055556
38 0.507812 0.112037 0.017708 0.068519
38 0.587240 0.286574 0.015104 0.060185
4 0.622917 0.112963 0.014583 0.062963
4 0.693490 0.298148 0.015104 0.062963
18 0.285938 0.407870 0.018750 0.062037
18 0.367188 0.582407 0.015625 0.070370
19 0.405729 0.424537 0.014583 0.065741
19 0.477083 0.604630 0.015625 0.066667
13 0.503385 0.410185 0.017188 0.066667
13 0.583333 0.573611 0.015625 0.067593
25 0.614062 0.400926 0.014583 0.070370
25 0.687500 0.581481 0.012500 0.066667
21 0.284635 0.692130 0.015104 0.071296
21 0.361458 0.864352 0.014583 0.067593
22 0.389323 0.703704 0.014063 0.064815
22 0.473438 0.865741 0.016667 0.059259
46 0.509896 0.679167 0.014583 0.056481
46 0.575781 0.870370 0.014063 0.057407
1 0.610938 0.687500 0.017708 0.062037
1 0.686458 0.865278 0.016667 0.078704
