33 0.268229 0.413426 0.019792 0.062037
33 0.343490 0.590278 0.017188 0.073148
6 0.386979 0.400463 0.012500 0.063889
6 0.466146 0.571296 0.013542 0.059259
4 0.505729 0.399537 0.021875 0.073148
4 0.583333 0.567593 0.018750 0.062963
2 0.620833 0.394907 0.015625 0.069444
2 0.684896 0.579630 0.014583 0.053704
25 0.508854 0.689352 0.021875 0.069444
25 0.581771 0.869907 0.015625 0.062037
42 0.615625 0.693981 0.014583 0.060185
42 0.699219 0.861574 0.017188 0.067593
17 0.503125 0.125463 0.016667 0.069444
17 0.579427 0.298148 0.017188 0.068519
3 0.615104 0.106019 0.017708 0.065741
3 0.689323 0.274537 0.020313 0.065741
