34 0.290365 0.101852 0.014063 0.057407
34 0.367969 0.276852 0.014063 0.059259
48 0.403385 0.108333 0.016146 0.064815
8 0.506510 0.124074 0.018229 0.061111
8 0.578646 0.299074 0.015625 0.064815
48 0.475260 0.299537 0.014063 0.075000
1 0.608854 0.123148 0.016667 0.070370
1 0.680990 0.304167 0.018229 0.067593
35 0.286719 0.381019 0.014063 0.063889
35 0.361198 0.561574 0.014063 0.067593
47 0.401042 0.397222 0.017708 0.064815
47 0.475521 0.565278 0.018750 0.056481
19 0.512500 0.400000 0.014583 0.064815
19 0.583594 0.580093 0.014063 0.069444
38 0.615885 0.421759 0.013021 0.067593
38 0.685417 0.599537 0.015625 0.065741
0 0.618490 0.685185 0.018229 0.066667
0 0.688021 0.866667 0.020833 0.070370
24 0.499219 0.696759 0.019271 0.067593
24 0.583333 0.866204 0.015625 0.075000
33 0.398177 0.695370 0.018229 0.064815
33 0.465104 0.873611 0.017708 0.062037
46 0.285156 0.708796 0.014063 0.058333
46 0.361719 0.882407 0.016146 0.055556
