7 0.425781 0.120833 0.017188 0.073148
7 0.491667 0.303704 0.015625 0.061111
18 0.611458 0.142593 0.016667 0.064815
18 0.692708 0.313426 0.020833 0.063889
26 0.608854 0.409259 0.014583 0.064815
26 0.683594 0.586111 0.014063 0.059259
25 0.509896 0.406019 0.017708 0.065741
25 0.586979 0.578704 0.013542 0.068519
27 0.412500 0.389352 0.013542 0.063889
27 0.488802 0.570833 0.020313 0.073148
39 0.413281 0.662037 0.018229 0.070370
39 0.490885 0.834259 0.017188 0.061111
24 0.296875 0.377315 0.015625 0.067593
24 0.371094 0.560185 0.017188 0.059259
32 0.305469 0.640278 0.016146 0.062037
32 0.377083 0.823611 0.016667 0.067593
