51 0.281510 0.423148 0.021354 0.062963
51 0.360677 0.594444 0.019271 0.070370
38 0.397396 0.425926 0.014583 0.064815
38 0.476823 0.600926 0.020313 0.068519
5 0.505729 0.412963 0.012500 0.074074
5 0.579688 0.586111 0.015625 0.064815
41 0.611458 0.413889 0.016667 0.070370
41 0.691146 0.586111 0.016667 0.070370
12 0.290625 0.700926 0.018750 0.053704
12 0.371875 0.873611 0.015625 0.067593
44 0.403906 0.696759 0.017188 0.071296
44 0.476302 0.873611 0.017188 0.067593
49 0.625000 0.702315 0.017708 0.062037
49 0.703646 0.879630 0.013542 0.066667
