42 0.285417 0.113889 0.017708 0.070370
42 0.355729 0.303704 0.016667 0.066667
32 0.386458 0.117593 0.017708 0.064815
32 0.459115 0.301852 0.020313 0.064815
26 0.494792 0.126852 0.018750 0.072222
26 0.578385 0.298148 0.016146 0.066667
18 0.616146 0.124537 0.019792 0.073148
18 0.685937 0.306481 0.018750 0.066667
13 0.611719 0.406019 0.019271 0.063889
13 0.681771 0.585648 0.017708 0.071296
43 0.503906 0.406019 0.018229 0.065741
43 0.580729 0.578704 0.016667 0.072222
22 0.392188 0.388426 0.018750 0.067593
22 0.469271 0.564815 0.019792 0.057407
21 0.282813 0.397685 0.025000 0.060185
21 0.361198 0.563889 0.015104 0.064815
19 0.297396 0.669444 0.019792 0.070370
19 0.373177 0.845370 0.019271 0.068519
1 0.405469 0.656481 0.018229 0.064815
1 0.481250 0.834722 0.017708 0.062037
25 0.504948 0.669907 0.017188 0.065741
25 0.579948 0.849074 0.016146 0.070370
46 0.596354 0.700463 0.020833 0.063889
46 0.688281 0.848148 0.020313 0.062963
