10 0.612240 0.139815 0.017188 0.064815
10 0.684375 0.316204 0.018750 0.063889
26 0.607552 0.409722 0.021354 0.067593
26 0.686719 0.588426 0.017188 0.065741
25 0.510417 0.412963 0.013542 0.062963
25 0.579167 0.585648 0.013542 0.060185
7 0.421875 0.116667 0.015625 0.070370
7 0.492188 0.301852 0.016667 0.059259
27 0.416927 0.390741 0.025521 0.062963
27 0.491667 0.568981 0.021875 0.065741
24 0.295833 0.379630 0.022917 0.072222
24 0.368490 0.556944 0.016146 0.067593
32 0.305990 0.637963 0.026562 0.072222
32 0.376042 0.821759 0.015625 0.063889
