2 0.274479 0.118519 0.017708 0.055556
2 0.343750 0.302315 0.014583 0.063889
0 0.380729 0.130093 0.015625 0.062037
0 0.459375 0.298148 0.017708 0.055556
12 0.507552 0.087963 0.016146 0.057407
12 0.577344 0.276389 0.017188 0.062037
9 0.617969 0.102778 0.022396 0.064815
9 0.687240 0.282870 0.018229 0.060185
41 0.610417 0.406019 0.017708 0.071296
41 0.685417 0.584259 0.018750 0.074074
8 0.504687 0.390741 0.020833 0.055556
8 0.579167 0.564815 0.017708 0.062963
37 0.391667 0.400463 0.018750 0.063889
37 0.462760 0.581481 0.019271 0.072222
47 0.277604 0.403241 0.019792 0.063889
47 0.359375 0.574537 0.020833 0.063889
3 0.287760 0.676389 0.018229 0.062037
3 0.364063 0.848148 0.017708 0.061111
40 0.403385 0.690741 0.019271 0.068519
40 0.474479 0.871296 0.015625 0.059259
48 0.503906 0.685185 0.016146 0.066667
48 0.576302 0.865278 0.017188 0.056481
14 0.607292 0.683796 0.016667 0.065741
14 0.678125 0.866204 0.017708 0.069444
