14 0.507292 0.676389 0.018750 0.056481
14 0.576042 0.858333 0.013542 0.062963
24 0.509635 0.398148 0.019271 0.062963
24 0.584896 0.580093 0.021875 0.065741
16 0.397917 0.397685 0.022917 0.069444
16 0.470313 0.580556 0.017708 0.072222
23 0.277344 0.408796 0.020313 0.062037
23 0.357812 0.581019 0.020833 0.067593
15 0.511719 0.106019 0.020313 0.065741
15 0.585938 0.281481 0.018750 0.070370
1 0.402083 0.105556 0.020833 0.075926
1 0.477865 0.278704 0.023438 0.068519
29 0.271094 0.103241 0.023438 0.075000
29 0.355208 0.272685 0.025000 0.073148
