0 0.271875 0.094907 0.018750 0.069444
0 0.341927 0.275926 0.017188 0.062963
13 0.395313 0.099074 0.015625 0.057407
13 0.474219 0.275926 0.022396 0.061111
18 0.617708 0.113426 0.013542 0.056481
18 0.697656 0.289815 0.017188 0.062963
21 0.269792 0.381019 0.016667 0.069444
21 0.343750 0.551852 0.016667 0.070370
48 0.379948 0.397685 0.017188 0.065741
48 0.461979 0.563426 0.017708 0.065741
9 0.496615 0.374074 0.020313 0.055556
9 0.565885 0.555556 0.019271 0.064815
40 0.616146 0.412037 0.015625 0.059259
40 0.696615 0.581019 0.016146 0.062037
31 0.612240 0.682870 0.018229 0.067593
31 0.689844 0.855093 0.017188 0.065741
22 0.378646 0.675463 0.014583 0.063889
22 0.439323 0.869444 0.018229 0.064815
26 0.277344 0.662037 0.017188 0.059259
22 0.333854 0.862963 0.015625 0.064815
