19 0.517448 0.381481 0.018229 0.064815
19 0.592448 0.557870 0.016146 0.069444
47 0.632031 0.397685 0.019271 0.071296
47 0.696615 0.582870 0.016146 0.060185
46 0.401302 0.370370 0.016146 0.064815
46 0.478125 0.542130 0.020833 0.062037
35 0.283333 0.695833 0.015625 0.069444
35 0.356771 0.872222 0.017708 0.064815
7 0.413281 0.688426 0.017188 0.067593
7 0.486979 0.860648 0.018750 0.069444
37 0.519271 0.702315 0.020833 0.071296
37 0.593229 0.879167 0.017708 0.065741
45 0.632031 0.706481 0.016146 0.068519
45 0.700521 0.891204 0.016667 0.069444
