2 0.614323 0.698148 0.022396 0.070370
2 0.689063 0.878241 0.021875 0.073148
42 0.495833 0.699537 0.018750 0.062037
42 0.571354 0.876389 0.014583 0.060185
18 0.388021 0.704630 0.017708 0.061111
18 0.468490 0.870370 0.018229 0.062963
22 0.282031 0.664352 0.020313 0.060185
22 0.346354 0.854630 0.015625 0.064815
13 0.622656 0.414352 0.016146 0.065741
13 0.690885 0.594444 0.014063 0.064815
32 0.489583 0.416204 0.018750 0.062037
32 0.566927 0.585648 0.019271 0.063889
9 0.388542 0.407407 0.015625 0.066667
9 0.466146 0.578704 0.021875 0.072222
25 0.283594 0.369907 0.017188 0.065741
25 0.360417 0.548148 0.018750 0.061111
40 0.286458 0.105556 0.015625 0.070370
40 0.365104 0.287963 0.018750 0.070370
21 0.386719 0.108333 0.023438 0.064815
21 0.464583 0.280093 0.018750 0.069444
43 0.496875 0.100463 0.017708 0.069444
43 0.569531 0.275000 0.018229 0.064815
26 0.618229 0.083333 0.017708 0.064815
26 0.691146 0.265741 0.013542 0.064815
