13 0.605469 0.121759 0.023438 0.075000
13 0.679688 0.305556 0.014583 0.074074
32 0.604167 0.396759 0.017708 0.065741
32 0.670312 0.575463 0.020833 0.069444
4 0.487240 0.120370 0.017188 0.066667
4 0.572917 0.284722 0.020833 0.063889
26 0.494792 0.388426 0.015625 0.062037
26 0.563021 0.579167 0.020833 0.073148
25 0.511198 0.686111 0.015104 0.066667
25 0.584115 0.860185 0.018229 0.064815
38 0.394792 0.125463 0.018750 0.058333
38 0.459115 0.318056 0.018229 0.060185
19 0.380990 0.428704 0.019271 0.064815
19 0.471094 0.589352 0.019271 0.069444
43 0.400521 0.705093 0.017708 0.065741
43 0.475521 0.877778 0.021875 0.070370
18 0.288542 0.696759 0.020833 0.063889
18 0.361458 0.882407 0.015625 0.070370
1 0.283594 0.425463 0.020313 0.069444
1 0.367969 0.581481 0.017188 0.064815
22 0.280990 0.124074 0.019271 0.055556
22 0.364063 0.291204 0.014583 0.065741
46 0.600781 0.681019 0.017188 0.060185
46 0.680990 0.854167 0.018229 0.073148
