0 0.603385 0.119907 0.018229 0.060185
0 0.677604 0.296759 0.025000 0.060185
3 0.609635 0.405556 0.022396 0.070370
3 0.679948 0.580093 0.024479 0.060185
6 0.606250 0.693056 0.015625 0.058333
6 0.678646 0.867130 0.016667 0.056481
47 0.498698 0.127778 0.014063 0.070370
47 0.571615 0.305093 0.016146 0.069444
34 0.500000 0.409259 0.019792 0.064815
34 0.574479 0.580093 0.017708 0.060185
24 0.508073 0.678241 0.015104 0.063889
24 0.582812 0.857407 0.018750 0.070370
33 0.385156 0.124537 0.017188 0.062037
33 0.467969 0.293981 0.019271 0.058333
8 0.396615 0.394907 0.021354 0.071296
8 0.466406 0.578704 0.019271 0.068519
48 0.396354 0.678241 0.015625 0.060185
48 0.473698 0.855093 0.017188 0.069444
35 0.279948 0.118056 0.019271 0.067593
35 0.355208 0.294444 0.014583 0.064815
4 0.285677 0.390278 0.020313 0.056481
4 0.357031 0.570370 0.016146 0.062963
38 0.287500 0.670370 0.018750 0.059259
38 0.361198 0.846296 0.018229 0.064815
