5 0.382812 0.409259 0.018750 0.064815
5 0.466927 0.568981 0.018229 0.065741
38 0.394271 0.683796 0.014583 0.060185
38 0.469792 0.864352 0.015625 0.067593
49 0.501563 0.412963 0.016667 0.072222
49 0.576042 0.584722 0.020833 0.062037
41 0.613281 0.411574 0.016146 0.063889
41 0.690104 0.581481 0.015625 0.057407
12 0.495052 0.124074 0.017188 0.062963
12 0.569010 0.301389 0.016146 0.062037
51 0.375260 0.125926 0.017188 0.070370
51 0.453385 0.297222 0.019271 0.059259
44 0.276562 0.420833 0.015625 0.058333
44 0.356250 0.594444 0.017708 0.059259
