18 0.279687 0.107870 0.015625 0.067593
18 0.355729 0.291204 0.018750 0.071296
0 0.390885 0.118056 0.017188 0.067593
0 0.466667 0.295370 0.020833 0.057407
13 0.500000 0.113426 0.016667 0.073148
13 0.570312 0.295370 0.015625 0.062963
21 0.279167 0.414352 0.019792 0.071296
21 0.356510 0.579167 0.015104 0.073148
26 0.387240 0.375463 0.015104 0.063889
26 0.460156 0.562500 0.016146 0.062037
9 0.495833 0.378704 0.021875 0.070370
9 0.564844 0.550926 0.015104 0.057407
40 0.617188 0.410648 0.014583 0.062037
40 0.694271 0.580093 0.013542 0.060185
31 0.610938 0.686574 0.014583 0.071296
31 0.689323 0.854167 0.014063 0.067593
22 0.512500 0.659259 0.017708 0.064815
22 0.584635 0.846296 0.016146 0.059259
48 0.380990 0.675463 0.015104 0.065741
48 0.459896 0.848611 0.016667 0.056481
