42 0.286458 0.100926 0.015625 0.059259
42 0.362760 0.286111 0.014063 0.064815
17 0.394792 0.117130 0.012500 0.065741
17 0.469531 0.292593 0.013021 0.062963
4 0.497656 0.110185 0.013021 0.066667
4 0.572656 0.291204 0.017188 0.063889
2 0.488802 0.396759 0.017188 0.062037
2 0.562500 0.572685 0.016667 0.062037
6 0.603125 0.400000 0.015625 0.064815
6 0.672656 0.576852 0.016146 0.059259
33 0.388802 0.399074 0.015104 0.066667
33 0.461198 0.581481 0.013021 0.066667
25 0.292187 0.667130 0.015625 0.075000
25 0.362240 0.851389 0.013021 0.067593
3 0.489583 0.669907 0.015625 0.075000
3 0.555729 0.852315 0.015625 0.063889
