15 0.612240 0.690278 0.020313 0.067593
15 0.684896 0.868981 0.016667 0.063889
5 0.602604 0.131481 0.016667 0.064815
5 0.678385 0.304167 0.017188 0.067593
20 0.605469 0.412037 0.017188 0.059259
20 0.684115 0.586111 0.015104 0.064815
36 0.491146 0.129630 0.018750 0.066667
36 0.579948 0.289815 0.016146 0.062963
23 0.492188 0.405556 0.019792 0.070370
23 0.570573 0.575000 0.019271 0.064815
7 0.507552 0.695370 0.019271 0.059259
7 0.580208 0.873611 0.015625 0.062037
28 0.392708 0.116667 0.016667 0.064815
28 0.466927 0.293056 0.015104 0.062037
29 0.395052 0.395833 0.016146 0.067593
29 0.465365 0.574537 0.017188 0.065741
39 0.402865 0.699074 0.019271 0.072222
39 0.477604 0.874537 0.018750 0.069444
51 0.290365 0.682870 0.017188 0.067593
51 0.361979 0.865741 0.015625 0.070370
11 0.286198 0.413889 0.015104 0.061111
11 0.365885 0.584259 0.020313 0.066667
24 0.284115 0.102315 0.017188 0.062037
24 0.359375 0.289815 0.017708 0.068519
