45 0.615365 0.387500 0.014063 0.056481
45 0.681771 0.574074 0.014583 0.064815
19 0.608073 0.673148 0.018229 0.062963
19 0.679688 0.853241 0.017708 0.073148
26 0.501563 0.101852 0.017708 0.062963
26 0.576042 0.284259 0.018750 0.064815
37 0.392969 0.093981 0.017188 0.065741
37 0.463021 0.281944 0.015625 0.065741
47 0.395313 0.387500 0.017708 0.069444
47 0.464062 0.565278 0.015625 0.062037
35 0.385937 0.689815 0.017708 0.064815
35 0.468490 0.855556 0.017188 0.070370
7 0.276562 0.393519 0.018750 0.068519
7 0.349219 0.574074 0.015104 0.059259
46 0.502344 0.386574 0.015104 0.065741
46 0.576042 0.562037 0.016667 0.061111
