39 0.393750 0.394907 0.018750 0.063889
39 0.467448 0.575926 0.016146 0.061111
31 0.501823 0.392130 0.020313 0.060185
31 0.576042 0.569444 0.016667 0.064815
43 0.610938 0.397685 0.014583 0.069444
43 0.686979 0.571296 0.018750 0.064815
13 0.492708 0.669907 0.021875 0.065741
13 0.567187 0.849074 0.015625 0.064815
10 0.384375 0.676389 0.009375 0.067593
10 0.460417 0.854167 0.020833 0.067593
48 0.276042 0.125926 0.017708 0.064815
48 0.354948 0.303704 0.015104 0.068519
40 0.500000 0.111574 0.019792 0.065741
40 0.574740 0.292593 0.014063 0.061111
