43 0.285938 0.674074 0.018750 0.072222
43 0.355208 0.859259 0.017708 0.072222
18 0.393229 0.680556 0.015625 0.059259
18 0.467969 0.859259 0.013021 0.066667
46 0.498437 0.675463 0.017708 0.060185
46 0.575781 0.855093 0.017188 0.063889
25 0.600000 0.692130 0.018750 0.069444
25 0.678385 0.864815 0.018229 0.066667
32 0.601042 0.393519 0.016667 0.062963
32 0.671354 0.574537 0.015625 0.071296
26 0.494531 0.392130 0.015104 0.060185
26 0.563802 0.580093 0.013021 0.065741
19 0.385677 0.425000 0.018229 0.061111
19 0.467187 0.593981 0.017708 0.071296
22 0.279167 0.393056 0.017708 0.067593
22 0.354687 0.573148 0.017708 0.066667
38 0.371354 0.133796 0.021875 0.063889
38 0.460677 0.294907 0.020313 0.062037
4 0.485938 0.122222 0.016667 0.064815
4 0.572917 0.284259 0.020833 0.072222
13 0.607292 0.125463 0.016667 0.063889
13 0.678125 0.301389 0.015625 0.067593
1 0.276302 0.107407 0.017188 0.062963
1 0.352604 0.289815 0.015625 0.066667
