25 0.614062 0.403241 0.014583 0.069444
25 0.688021 0.580093 0.014583 0.065741
33 0.279167 0.136574 0.019792 0.063889
33 0.366667 0.299074 0.025000 0.075926
34 0.399740 0.139815 0.016146 0.059259
34 0.479167 0.307870 0.018750 0.069444
38 0.509115 0.113889 0.016146 0.064815
38 0.585417 0.289352 0.016667 0.067593
4 0.624479 0.112500 0.012500 0.062037
4 0.692969 0.297222 0.017188 0.064815
13 0.507031 0.401389 0.019271 0.073148
13 0.579948 0.575463 0.015104 0.067593
1 0.504687 0.675000 0.017708 0.070370
1 0.567708 0.858333 0.017708 0.064815
46 0.623177 0.682407 0.015104 0.066667
46 0.700000 0.860185 0.015625 0.064815
22 0.388281 0.701389 0.017188 0.052778
22 0.475000 0.868519 0.019792 0.064815
21 0.286979 0.695370 0.017708 0.064815
21 0.360677 0.865278 0.016146 0.067593
19 0.406250 0.424074 0.015625 0.066667
19 0.477083 0.605556 0.018750 0.062963
18 0.286979 0.411574 0.019792 0.071296
18 0.367969 0.581481 0.020313 0.062963
