50 0.269010 0.121296 0.021354 0.066667
50 0.354167 0.290278 0.019792 0.062037
16 0.384896 0.111574 0.017708 0.060185
16 0.456510 0.293981 0.019271 0.075000
31 0.519531 0.092130 0.019271 0.065741
31 0.577604 0.287500 0.019792 0.062037
41 0.611458 0.118519 0.019792 0.068519
41 0.689583 0.291204 0.013542 0.069444
28 0.286979 0.399074 0.020833 0.066667
28 0.363542 0.576852 0.018750 0.075926
10 0.389062 0.398148 0.018750 0.070370
10 0.462240 0.579630 0.015104 0.070370
30 0.518750 0.381481 0.017708 0.070370
30 0.588281 0.563426 0.017188 0.063889
36 0.627344 0.403241 0.018229 0.063889
36 0.696875 0.582870 0.015625 0.069444
37 0.503385 0.679167 0.014063 0.067593
37 0.578906 0.859722 0.014063 0.073148
15 0.609896 0.676852 0.015625 0.062963
15 0.681250 0.857870 0.012500 0.065741
23 0.390365 0.670833 0.015104 0.062037
23 0.459375 0.851852 0.014583 0.064815
49 0.269792 0.713889 0.016667 0.066667
49 0.344010 0.888889 0.017188 0.064815
