46 0.611458 0.124537 0.018750 0.062037
46 0.691927 0.293981 0.015104 0.058333
47 0.385937 0.103704 0.018750 0.064815
47 0.460417 0.281481 0.017708 0.062963
24 0.274740 0.118519 0.014063 0.055556
24 0.353385 0.300463 0.017188 0.067593
1 0.495052 0.101389 0.014063 0.067593
1 0.568490 0.279167 0.019271 0.062037
38 0.282552 0.395833 0.020313 0.062037
38 0.351823 0.580093 0.018229 0.060185
8 0.392708 0.408796 0.014583 0.063889
8 0.461458 0.589352 0.015625 0.067593
19 0.505469 0.415278 0.013021 0.067593
19 0.573958 0.593519 0.017708 0.059259
34 0.610677 0.416204 0.018229 0.065741
34 0.678646 0.593981 0.014583 0.065741
35 0.497656 0.685648 0.018229 0.062037
35 0.565885 0.870370 0.019271 0.068519
33 0.603906 0.679167 0.014063 0.067593
33 0.676042 0.859259 0.016667 0.074074
48 0.391927 0.669907 0.016146 0.063889
48 0.459115 0.859259 0.015104 0.062963
0 0.275000 0.690741 0.018750 0.066667
0 0.351562 0.862500 0.017708 0.067593
