48 0.286979 0.091667 0.015625 0.075926
48 0.357552 0.271296 0.015104 0.074074
24 0.396354 0.117130 0.016667 0.069444
24 0.470833 0.294444 0.014583 0.064815
0 0.507812 0.105556 0.019792 0.066667
0 0.578906 0.286111 0.019271 0.062963
1 0.609375 0.122222 0.014583 0.072222
1 0.680990 0.304167 0.018229 0.067593
47 0.295833 0.395370 0.018750 0.064815
47 0.370833 0.568981 0.019792 0.065741
38 0.408073 0.404630 0.019271 0.072222
38 0.480208 0.586111 0.016667 0.066667
19 0.507552 0.402778 0.017188 0.079630
19 0.582031 0.581944 0.013021 0.071296
35 0.607031 0.398611 0.016146 0.063889
35 0.684375 0.572222 0.017708 0.066667
33 0.275260 0.701852 0.017188 0.072222
33 0.353906 0.875000 0.014063 0.075926
46 0.392969 0.674537 0.015104 0.073148
46 0.470833 0.850926 0.018750 0.072222
34 0.500781 0.681944 0.018229 0.067593
34 0.571615 0.860185 0.018229 0.061111
8 0.609896 0.693056 0.020833 0.071296
8 0.683854 0.865741 0.016667 0.068519
