11 0.276823 0.105093 0.016146 0.075000
11 0.348698 0.283796 0.019271 0.069444
29 0.388802 0.118519 0.016146 0.066667
29 0.465625 0.292130 0.015625 0.069444
23 0.488021 0.120370 0.018750 0.068519
23 0.573958 0.279630 0.021875 0.062963
5 0.602604 0.131944 0.013542 0.073148
5 0.678385 0.303241 0.016146 0.063889
24 0.276042 0.388426 0.015625 0.069444
24 0.348438 0.577778 0.014583 0.068519
51 0.394531 0.391667 0.018229 0.068519
51 0.472396 0.571759 0.013542 0.069444
20 0.509375 0.396759 0.017708 0.067593
20 0.580208 0.578241 0.016667 0.060185
15 0.616927 0.397685 0.016146 0.065741
15 0.685417 0.580093 0.014583 0.063889
7 0.280208 0.677778 0.020833 0.064815
7 0.353125 0.862037 0.017708 0.070370
28 0.388542 0.673611 0.015625 0.076852
28 0.464583 0.855093 0.016667 0.063889
36 0.504687 0.691667 0.018750 0.074074
36 0.580729 0.868981 0.014583 0.069444
39 0.620052 0.687037 0.015104 0.068519
39 0.698177 0.869907 0.014063 0.065741
