2 0.279948 0.124537 0.019271 0.067593
2 0.351302 0.306019 0.017188 0.069444
4 0.497917 0.113426 0.019792 0.065741
4 0.571354 0.288889 0.014583 0.072222
25 0.282031 0.399074 0.017188 0.075926
25 0.365104 0.568981 0.015625 0.067593
17 0.387240 0.387500 0.019271 0.067593
17 0.466667 0.549074 0.017708 0.072222
6 0.501042 0.391667 0.015625 0.068519
6 0.577344 0.564352 0.014063 0.069444
33 0.616667 0.419444 0.016667 0.062963
33 0.689844 0.592593 0.013021 0.064815
42 0.280208 0.697685 0.016667 0.065741
42 0.356771 0.878241 0.013542 0.069444
3 0.486198 0.668056 0.015104 0.065741
3 0.555729 0.852778 0.016667 0.066667
