9 0.277604 0.113889 0.017708 0.068519
9 0.353906 0.290278 0.015104 0.069444
21 0.384896 0.101389 0.017708 0.067593
21 0.462500 0.264815 0.016667 0.066667
22 0.499479 0.105093 0.014583 0.056481
22 0.572396 0.285185 0.013542 0.059259
26 0.616406 0.102315 0.015104 0.065741
26 0.692708 0.277778 0.014583 0.066667
25 0.267708 0.393056 0.016667 0.065741
25 0.345573 0.570370 0.016146 0.062963
13 0.388542 0.390741 0.012500 0.072222
13 0.463281 0.565741 0.015104 0.059259
32 0.499740 0.383333 0.013021 0.062963
32 0.565885 0.569907 0.015104 0.060185
40 0.601042 0.384259 0.016667 0.061111
40 0.680990 0.553241 0.015104 0.065741
18 0.280208 0.664815 0.016667 0.061111
18 0.333594 0.871296 0.014063 0.068519
43 0.393490 0.700000 0.013021 0.068519
43 0.463542 0.885648 0.015625 0.069444
42 0.500781 0.680093 0.011979 0.062037
42 0.577083 0.856019 0.015625 0.056481
2 0.609896 0.673148 0.013542 0.062963
2 0.686979 0.850926 0.015625 0.059259
