45 0.382812 0.126389 0.016667 0.071296
45 0.458073 0.299537 0.014063 0.063889
35 0.610417 0.133796 0.016667 0.063889
35 0.686458 0.306481 0.013542 0.061111
47 0.277865 0.407407 0.018229 0.061111
47 0.347396 0.590741 0.013542 0.074074
46 0.388021 0.412037 0.014583 0.062963
46 0.458594 0.592593 0.013021 0.066667
37 0.501042 0.413426 0.018750 0.065741
37 0.577083 0.581481 0.017708 0.062963
7 0.610417 0.401852 0.018750 0.070370
7 0.684115 0.575926 0.011979 0.066667
19 0.500781 0.678241 0.015104 0.060185
19 0.575781 0.854630 0.015104 0.068519
