39 0.258333 0.130556 0.020833 0.075926
39 0.347917 0.294907 0.020833 0.060185
44 0.398177 0.128704 0.013021 0.062963
44 0.478125 0.296759 0.012500 0.062037
11 0.496875 0.113426 0.014583 0.065741
11 0.572396 0.289815 0.016667 0.061111
12 0.616146 0.103241 0.015625 0.065741
12 0.689323 0.281019 0.013021 0.060185
20 0.287760 0.378704 0.017188 0.062963
20 0.359896 0.564815 0.015625 0.068519
5 0.402604 0.395833 0.015625 0.063889
5 0.462500 0.588889 0.013542 0.066667
17 0.509375 0.383796 0.012500 0.073148
17 0.571875 0.575000 0.014583 0.072222
14 0.610938 0.417593 0.015625 0.062963
14 0.685937 0.589352 0.013542 0.060185
7 0.279687 0.686111 0.015625 0.070370
7 0.359375 0.860185 0.015625 0.066667
51 0.390104 0.676852 0.013542 0.070370
51 0.455469 0.866667 0.013021 0.064815
45 0.511979 0.697685 0.014583 0.073148
45 0.564323 0.893981 0.014063 0.065741
29 0.617188 0.690741 0.013542 0.072222
29 0.690365 0.868519 0.015104 0.074074
