18 0.278646 0.086574 0.017708 0.065741
18 0.360156 0.261574 0.015104 0.060185
25 0.392708 0.096296 0.014583 0.066667
25 0.463542 0.281944 0.011458 0.073148
40 0.489063 0.118519 0.016667 0.066667
40 0.565885 0.290278 0.011979 0.062037
32 0.606510 0.112500 0.015104 0.067593
32 0.681250 0.291667 0.015625 0.066667
9 0.275000 0.386111 0.017708 0.070370
9 0.354167 0.563426 0.017708 0.073148
22 0.389323 0.393981 0.015104 0.067593
22 0.461979 0.574537 0.015625 0.062037
43 0.496354 0.395370 0.012500 0.064815
43 0.568490 0.572685 0.015104 0.071296
2 0.615104 0.387963 0.013542 0.062963
2 0.682292 0.569907 0.013542 0.060185
21 0.275781 0.668981 0.015104 0.065741
21 0.352344 0.840278 0.011979 0.060185
42 0.382031 0.674537 0.014063 0.067593
42 0.454167 0.856944 0.011458 0.060185
13 0.486198 0.686574 0.015104 0.067593
13 0.565625 0.855556 0.011458 0.070370
26 0.609115 0.679630 0.011979 0.062963
26 0.681250 0.865278 0.015625 0.067593
