2 0.280990 0.116204 0.010937 0.060185
2 0.354687 0.296296 0.016667 0.057407
4 0.276823 0.390741 0.017188 0.066667
4 0.356771 0.565741 0.015625 0.064815
3 0.284896 0.691204 0.016667 0.067593
3 0.363802 0.857870 0.013021 0.063889
42 0.382031 0.385648 0.015104 0.069444
42 0.459375 0.558796 0.012500 0.060185
25 0.500260 0.102778 0.017188 0.066667
25 0.577865 0.281481 0.013021 0.064815
33 0.506771 0.390741 0.015625 0.066667
33 0.576562 0.565278 0.013542 0.078704
6 0.621875 0.393519 0.015625 0.066667
6 0.686458 0.582407 0.016667 0.061111
17 0.488281 0.686574 0.015104 0.067593
17 0.564323 0.867130 0.015104 0.065741
