42 0.285417 0.112500 0.015625 0.071296
42 0.356250 0.303704 0.016667 0.062963
32 0.385677 0.118981 0.016146 0.065741
32 0.457031 0.300463 0.013021 0.069444
26 0.495833 0.131481 0.016667 0.068519
26 0.579167 0.298148 0.014583 0.064815
43 0.617969 0.129630 0.014063 0.074074
43 0.686458 0.308333 0.012500 0.066667
21 0.282813 0.393981 0.018750 0.071296
21 0.361198 0.559722 0.015104 0.060185
22 0.391667 0.387500 0.016667 0.071296
22 0.466667 0.563889 0.012500 0.062963
18 0.502344 0.392130 0.015104 0.067593
18 0.572656 0.577315 0.016146 0.058333
13 0.610677 0.406019 0.015104 0.063889
13 0.680208 0.582407 0.013542 0.064815
19 0.297396 0.670370 0.017708 0.062963
19 0.375781 0.843519 0.013021 0.066667
1 0.406771 0.659259 0.013542 0.062963
1 0.478646 0.840278 0.011458 0.067593
46 0.504948 0.679167 0.014063 0.056481
46 0.580208 0.853241 0.012500 0.065741
25 0.611979 0.684722 0.016667 0.071296
25 0.685417 0.861574 0.015625 0.075000
