43 0.279167 0.111574 0.014583 0.063889
43 0.355208 0.290741 0.013542 0.072222
10 0.489844 0.109722 0.018229 0.067593
10 0.564583 0.287963 0.016667 0.061111
13 0.280469 0.388426 0.016146 0.062037
13 0.353906 0.563426 0.015104 0.056481
31 0.388281 0.393981 0.013021 0.071296
31 0.459375 0.575463 0.012500 0.071296
48 0.494010 0.395833 0.013021 0.069444
48 0.570312 0.571296 0.016667 0.070370
32 0.604167 0.398611 0.016667 0.069444
32 0.676823 0.571759 0.014063 0.060185
40 0.390365 0.674074 0.016146 0.062963
40 0.463281 0.854630 0.013021 0.062963
39 0.490885 0.675000 0.016146 0.061111
39 0.569792 0.850000 0.018750 0.066667
