24 0.284635 0.103704 0.017188 0.075926
24 0.356771 0.294907 0.017708 0.065741
48 0.383333 0.112500 0.018750 0.065741
48 0.460938 0.289815 0.016667 0.068519
8 0.495312 0.114352 0.015625 0.062037
8 0.565104 0.293981 0.016667 0.069444
33 0.604167 0.123148 0.013542 0.066667
33 0.678906 0.296296 0.013021 0.068519
38 0.278906 0.390278 0.016146 0.067593
38 0.351562 0.574074 0.013542 0.068519
0 0.386198 0.398611 0.017188 0.069444
0 0.462500 0.573611 0.016667 0.063889
3 0.495573 0.404167 0.014063 0.067593
3 0.570573 0.575463 0.016146 0.065741
34 0.603385 0.397222 0.015104 0.072222
34 0.680729 0.568056 0.013542 0.063889
4 0.283073 0.670833 0.018229 0.060185
4 0.353906 0.854630 0.014063 0.068519
6 0.389583 0.673148 0.017708 0.068519
6 0.459635 0.858796 0.015104 0.063889
47 0.503906 0.672685 0.016146 0.075000
47 0.566927 0.861574 0.016146 0.069444
35 0.605990 0.681481 0.014063 0.072222
35 0.679688 0.860185 0.017708 0.066667
