33 0.275521 0.109259 0.014583 0.066667
33 0.354687 0.283796 0.012500 0.065741
3 0.274479 0.405556 0.014583 0.068519
3 0.354948 0.576852 0.014063 0.068519
6 0.387760 0.394907 0.022396 0.063889
6 0.462500 0.575000 0.013542 0.066667
4 0.507292 0.401852 0.016667 0.068519
4 0.583333 0.570370 0.014583 0.062963
2 0.613542 0.399074 0.017708 0.057407
2 0.680729 0.585185 0.013542 0.066667
25 0.608333 0.114352 0.016667 0.067593
25 0.689844 0.283796 0.014063 0.069444
42 0.386458 0.696296 0.020833 0.068519
42 0.470052 0.858796 0.016146 0.062037
17 0.507552 0.685185 0.016146 0.072222
17 0.581250 0.868519 0.014583 0.068519
