51 0.400521 0.107407 0.015625 0.070370
51 0.478646 0.283333 0.014583 0.070370
12 0.288281 0.403704 0.016146 0.066667
12 0.366146 0.573148 0.015625 0.066667
49 0.405990 0.412037 0.015104 0.064815
49 0.476823 0.588889 0.014063 0.064815
44 0.511979 0.406944 0.014583 0.071296
44 0.585417 0.581944 0.013542 0.073148
41 0.625781 0.123148 0.018229 0.072222
41 0.700781 0.296759 0.009896 0.069444
5 0.622656 0.408796 0.017188 0.076852
5 0.694010 0.581944 0.013021 0.071296
38 0.515625 0.689815 0.014583 0.070370
38 0.581250 0.881481 0.015625 0.062963
