27 0.273177 0.368056 0.020313 0.073148
27 0.360156 0.532407 0.020313 0.061111
32 0.382292 0.081944 0.018750 0.069444
32 0.461198 0.265741 0.016146 0.062963
24 0.396875 0.393981 0.017708 0.067593
24 0.460417 0.587500 0.014583 0.075000
25 0.495573 0.397685 0.018229 0.069444
25 0.567187 0.579630 0.013542 0.075926
10 0.604167 0.114815 0.017708 0.068519
10 0.685156 0.290278 0.016146 0.069444
26 0.609896 0.398611 0.015625 0.069444
26 0.678125 0.588889 0.014583 0.061111
16 0.388281 0.684722 0.021354 0.067593
16 0.461719 0.866204 0.015104 0.065741
