24 0.284635 0.103704 0.017188 0.079630
24 0.359375 0.288889 0.014583 0.066667
29 0.387760 0.116204 0.018229 0.067593
29 0.465625 0.293056 0.015625 0.062037
7 0.502865 0.083333 0.014063 0.064815
7 0.567969 0.269907 0.010937 0.063889
5 0.603385 0.129630 0.015104 0.064815
5 0.678906 0.302778 0.013021 0.068519
11 0.285156 0.413426 0.014063 0.080556
11 0.365365 0.581944 0.015104 0.067593
28 0.394271 0.411111 0.013542 0.072222
28 0.473698 0.581481 0.013021 0.059259
23 0.503125 0.402778 0.014583 0.059259
23 0.575260 0.581481 0.014063 0.072222
20 0.606771 0.410185 0.015625 0.064815
20 0.683333 0.583333 0.015625 0.062963
51 0.291667 0.681481 0.015625 0.066667
51 0.364844 0.861574 0.015104 0.069444
39 0.402865 0.694444 0.018229 0.066667
39 0.477865 0.871296 0.014063 0.070370
36 0.499740 0.691204 0.020313 0.060185
36 0.581510 0.856944 0.015104 0.067593
15 0.613281 0.690278 0.013021 0.062037
15 0.685417 0.868981 0.014583 0.063889
