29 0.387500 0.138889 0.015625 0.072222
29 0.463281 0.310648 0.017188 0.060185
15 0.613281 0.131944 0.020313 0.065741
15 0.695312 0.293981 0.016667 0.065741
30 0.294271 0.389815 0.015625 0.062963
30 0.364844 0.574537 0.013021 0.069444
1 0.403125 0.407407 0.013542 0.074074
1 0.471615 0.591667 0.015104 0.066667
24 0.498698 0.400463 0.015104 0.063889
24 0.579688 0.568981 0.018750 0.065741
8 0.617188 0.413889 0.015625 0.074074
8 0.682813 0.598148 0.020833 0.072222
23 0.516667 0.685648 0.017708 0.073148
23 0.591667 0.860648 0.020833 0.065741
