18 0.614583 0.125463 0.015625 0.069444
18 0.687500 0.306019 0.012500 0.067593
13 0.609115 0.408796 0.018229 0.069444
13 0.683073 0.587037 0.020313 0.068519
25 0.501563 0.395833 0.013542 0.073148
25 0.573958 0.575000 0.012500 0.059259
26 0.393750 0.396759 0.015625 0.062037
26 0.468750 0.572685 0.014583 0.062037
19 0.396354 0.678704 0.018750 0.070370
19 0.474219 0.846759 0.016146 0.063889
22 0.503906 0.125463 0.018229 0.058333
22 0.577865 0.309259 0.014063 0.068519
43 0.503906 0.680556 0.016146 0.070370
43 0.579688 0.853241 0.015625 0.062037
46 0.608854 0.674074 0.016667 0.062963
46 0.682813 0.855556 0.012500 0.064815
32 0.387240 0.121759 0.016146 0.062037
32 0.468229 0.296759 0.017708 0.063889
21 0.280729 0.124537 0.016667 0.062037
21 0.361979 0.293056 0.018750 0.067593
42 0.283073 0.392130 0.019271 0.065741
42 0.353646 0.576852 0.014583 0.064815
1 0.289062 0.667130 0.015625 0.065741
1 0.354167 0.855093 0.012500 0.060185
