50 0.280469 0.380556 0.014063 0.066667
50 0.360417 0.562500 0.017708 0.067593
34 0.390365 0.379167 0.017188 0.071296
34 0.465365 0.557407 0.015104 0.068519
30 0.513281 0.114815 0.017188 0.070370
30 0.586458 0.291204 0.015625 0.060185
11 0.505990 0.395370 0.016146 0.064815
11 0.581510 0.570833 0.013021 0.071296
28 0.625781 0.137037 0.014063 0.062963
28 0.698177 0.318056 0.015104 0.071296
36 0.625521 0.391667 0.015625 0.068519
36 0.696094 0.572685 0.018229 0.065741
20 0.395573 0.667130 0.016146 0.069444
20 0.468229 0.841204 0.013542 0.065741
8 0.514844 0.677315 0.016146 0.073148
8 0.595573 0.854167 0.015104 0.069444
