30 0.390885 0.115278 0.014063 0.062037
30 0.469792 0.292130 0.017708 0.062037
49 0.289323 0.098611 0.015104 0.067593
49 0.350781 0.293056 0.016146 0.062037
45 0.608333 0.110185 0.015625 0.068519
45 0.670052 0.297222 0.016146 0.064815
44 0.279167 0.682407 0.016667 0.068519
44 0.359375 0.850926 0.017708 0.068519
50 0.387500 0.690741 0.015625 0.062963
50 0.466927 0.860185 0.014063 0.059259
42 0.493750 0.694907 0.017708 0.063889
42 0.576562 0.863426 0.015625 0.065741
17 0.602604 0.693519 0.017708 0.066667
17 0.681510 0.865741 0.017188 0.070370
16 0.607292 0.417593 0.016667 0.068519
16 0.682813 0.591204 0.015625 0.065741
10 0.492188 0.116667 0.017708 0.070370
10 0.568750 0.292130 0.018750 0.056481
31 0.496094 0.402315 0.019271 0.062037
31 0.568750 0.578704 0.019792 0.068519
35 0.386458 0.401852 0.016667 0.068519
35 0.461198 0.577315 0.016146 0.063889
6 0.279687 0.403241 0.018750 0.065741
6 0.360417 0.579167 0.016667 0.067593
