24 0.296615 0.375926 0.018229 0.061111
24 0.369792 0.557870 0.013542 0.075000
7 0.423958 0.118056 0.013542 0.075000
7 0.491406 0.301389 0.013021 0.060185
27 0.415365 0.393519 0.014063 0.064815
27 0.489323 0.567593 0.013021 0.068519
25 0.509375 0.406944 0.013542 0.067593
25 0.580208 0.595833 0.013542 0.067593
26 0.607812 0.409259 0.016667 0.057407
26 0.686979 0.587037 0.015625 0.062963
18 0.610417 0.142130 0.016667 0.067593
18 0.690625 0.313426 0.014583 0.062037
32 0.307292 0.637037 0.018750 0.064815
32 0.378385 0.822222 0.014063 0.064815
