7 0.388542 0.118981 0.019792 0.071296
7 0.460417 0.295833 0.018750 0.069444
46 0.506771 0.109722 0.015625 0.065741
46 0.584896 0.283796 0.014583 0.065741
45 0.271875 0.409722 0.014583 0.065741
45 0.352865 0.578241 0.016146 0.069444
47 0.379167 0.401852 0.015625 0.070370
47 0.454948 0.572222 0.013021 0.072222
19 0.502604 0.395370 0.018750 0.064815
19 0.571875 0.577778 0.014583 0.062963
37 0.620052 0.409722 0.015104 0.069444
37 0.688802 0.595370 0.014063 0.064815
35 0.278646 0.694907 0.015625 0.065741
35 0.356771 0.868519 0.015625 0.064815
26 0.605990 0.689815 0.011979 0.074074
26 0.689844 0.856481 0.016146 0.059259
