45 0.601823 0.398148 0.018229 0.064815
45 0.682552 0.562037 0.018229 0.066667
44 0.384115 0.398611 0.015104 0.067593
44 0.455729 0.576852 0.017708 0.059259
50 0.275781 0.679167 0.017188 0.056481
50 0.355990 0.852778 0.016146 0.053704
49 0.288802 0.098611 0.017188 0.062037
49 0.349740 0.295833 0.019271 0.067593
16 0.406771 0.100000 0.020833 0.059259
16 0.457031 0.299537 0.019271 0.065741
31 0.511198 0.109722 0.017188 0.073148
31 0.573438 0.298148 0.015625 0.068519
10 0.615885 0.114352 0.019271 0.065741
10 0.684635 0.300000 0.017188 0.064815
6 0.619271 0.664815 0.016667 0.070370
6 0.686719 0.858333 0.017188 0.064815
17 0.496875 0.694907 0.020833 0.069444
17 0.576042 0.858796 0.016667 0.067593
30 0.484115 0.411111 0.017188 0.064815
30 0.569531 0.574074 0.015104 0.064815
35 0.394792 0.678241 0.018750 0.069444
35 0.466667 0.854630 0.014583 0.075926
42 0.280469 0.400463 0.017188 0.060185
42 0.346354 0.593519 0.018750 0.064815
