11 0.275000 0.101852 0.016667 0.070370
11 0.346354 0.286574 0.014583 0.062037
29 0.388542 0.120833 0.017708 0.067593
29 0.463281 0.294907 0.013021 0.065741
20 0.493750 0.128241 0.014583 0.075000
20 0.570312 0.300926 0.016667 0.059259
5 0.602604 0.130093 0.019792 0.069444
5 0.680729 0.303704 0.016667 0.066667
24 0.277344 0.392593 0.013021 0.070370
24 0.347135 0.577315 0.017188 0.062037
15 0.383333 0.419444 0.016667 0.072222
15 0.465625 0.579167 0.015625 0.071296
23 0.502604 0.408796 0.014583 0.063889
23 0.576042 0.581481 0.012500 0.072222
51 0.614062 0.400926 0.018750 0.064815
51 0.702344 0.555556 0.020313 0.074074
7 0.281510 0.685185 0.016146 0.072222
7 0.351042 0.864352 0.016667 0.073148
39 0.392188 0.693056 0.015625 0.069444
39 0.463542 0.873611 0.015625 0.071296
36 0.503385 0.691204 0.020313 0.071296
36 0.580990 0.868056 0.011979 0.063889
28 0.625521 0.688426 0.022917 0.071296
28 0.700781 0.868981 0.013021 0.063889
