2 0.273698 0.116667 0.015104 0.072222
2 0.345833 0.300000 0.016667 0.068519
40 0.381510 0.111111 0.015104 0.070370
40 0.456771 0.291204 0.018750 0.067593
0 0.488802 0.118981 0.016146 0.067593
0 0.557552 0.296296 0.016146 0.064815
48 0.604688 0.115278 0.018750 0.065741
48 0.681771 0.286574 0.016667 0.062037
14 0.276042 0.395833 0.018750 0.076852
14 0.357031 0.573148 0.017188 0.062963
12 0.387760 0.405093 0.019271 0.084259
12 0.464323 0.571296 0.017188 0.070370
9 0.501042 0.402315 0.018750 0.075000
9 0.571615 0.579630 0.014063 0.066667
41 0.610417 0.401389 0.018750 0.073148
41 0.684896 0.572685 0.015625 0.067593
3 0.287240 0.691204 0.015104 0.084259
3 0.367708 0.854630 0.019792 0.068519
37 0.390365 0.669444 0.014063 0.068519
37 0.466667 0.844907 0.017708 0.075000
8 0.503646 0.671296 0.013542 0.066667
8 0.572135 0.859722 0.020313 0.073148
47 0.604948 0.662037 0.019271 0.079630
47 0.671615 0.847222 0.010937 0.066667
