40 0.273177 0.111111 0.020313 0.070370
40 0.349740 0.282870 0.013021 0.069444
2 0.382812 0.116204 0.013542 0.071296
2 0.455990 0.295370 0.020313 0.059259
47 0.496354 0.106944 0.017708 0.069444
47 0.561458 0.293519 0.016667 0.070370
48 0.618229 0.099537 0.015625 0.067593
48 0.668229 0.306019 0.015625 0.071296
14 0.277344 0.400926 0.015104 0.066667
14 0.353125 0.573611 0.017708 0.069444
12 0.387760 0.399074 0.018229 0.062963
12 0.460938 0.573611 0.010417 0.062037
9 0.501042 0.400463 0.014583 0.067593
9 0.571615 0.578241 0.015104 0.069444
41 0.610677 0.400463 0.014063 0.063889
41 0.683594 0.579167 0.013021 0.067593
37 0.279167 0.663426 0.014583 0.069444
37 0.354167 0.844907 0.015625 0.069444
3 0.390104 0.671759 0.013542 0.065741
3 0.465625 0.850463 0.014583 0.073148
8 0.502865 0.673148 0.018229 0.074074
8 0.576042 0.856944 0.019792 0.067593
0 0.602865 0.671296 0.015104 0.074074
0 0.670312 0.860185 0.011458 0.061111
