18 0.270313 0.102315 0.018750 0.058333
18 0.352344 0.283796 0.015104 0.069444
43 0.388281 0.096296 0.017188 0.074074
43 0.465625 0.263889 0.014583 0.068519
22 0.503646 0.098148 0.013542 0.068519
22 0.583594 0.269907 0.013021 0.069444
42 0.602344 0.092593 0.014063 0.064815
42 0.675781 0.269907 0.014063 0.063889
25 0.279687 0.386574 0.014583 0.065741
25 0.355469 0.572685 0.013021 0.065741
40 0.388281 0.393981 0.013021 0.065741
40 0.462760 0.571296 0.017188 0.070370
32 0.497656 0.403704 0.018229 0.066667
32 0.572135 0.579630 0.013021 0.062963
13 0.612760 0.399537 0.015104 0.073148
13 0.686979 0.569444 0.014583 0.066667
9 0.284635 0.690278 0.016146 0.076852
9 0.360938 0.862963 0.016667 0.064815
21 0.395313 0.684722 0.014583 0.065741
21 0.471875 0.853704 0.016667 0.066667
26 0.501042 0.678241 0.014583 0.073148
26 0.580208 0.851852 0.016667 0.062963
2 0.612240 0.675463 0.020313 0.060185
2 0.683333 0.855556 0.017708 0.068519
