48 0.276562 0.104167 0.016667 0.069444
48 0.351042 0.287963 0.013542 0.066667
22 0.392708 0.111574 0.018750 0.069444
22 0.464583 0.296296 0.012500 0.057407
18 0.502604 0.103704 0.021875 0.072222
18 0.582292 0.284722 0.016667 0.060185
9 0.276042 0.394907 0.018750 0.075000
9 0.354948 0.565741 0.020313 0.066667
0 0.397656 0.393519 0.021354 0.066667
0 0.472917 0.571296 0.017708 0.062963
21 0.508854 0.404630 0.016667 0.066667
21 0.581250 0.578704 0.014583 0.074074
26 0.618229 0.397222 0.011458 0.072222
26 0.689323 0.575463 0.013021 0.058333
40 0.284375 0.696759 0.015625 0.082407
40 0.334375 0.904630 0.019792 0.070370
13 0.396354 0.701389 0.014583 0.075000
13 0.469531 0.874074 0.018229 0.062963
31 0.505208 0.687037 0.014583 0.070370
31 0.578646 0.870833 0.016667 0.069444
