35 0.279167 0.116204 0.016667 0.065741
35 0.356250 0.296296 0.014583 0.064815
33 0.387500 0.124537 0.015625 0.076852
33 0.466406 0.293981 0.017188 0.060185
8 0.500781 0.103241 0.018229 0.065741
8 0.569531 0.283796 0.013021 0.062037
0 0.606771 0.119444 0.014583 0.066667
0 0.676562 0.294907 0.013542 0.065741
4 0.285677 0.391204 0.015104 0.073148
4 0.358073 0.570833 0.018229 0.062037
47 0.397656 0.388426 0.014063 0.063889
47 0.469792 0.565741 0.014583 0.066667
34 0.498958 0.412037 0.015625 0.062963
34 0.575000 0.578704 0.016667 0.064815
3 0.605208 0.407870 0.015625 0.069444
3 0.681250 0.575000 0.015625 0.062963
38 0.285677 0.671759 0.015104 0.073148
38 0.363281 0.848611 0.018229 0.062037
48 0.397396 0.680093 0.018750 0.063889
48 0.471615 0.854630 0.015104 0.062963
6 0.499219 0.671296 0.015104 0.066667
6 0.575260 0.844444 0.015104 0.066667
24 0.599479 0.686111 0.015625 0.068519
24 0.674219 0.864352 0.011979 0.073148
