21 0.300260 0.122222 0.019271 0.066667
21 0.373958 0.300000 0.013542 0.070370
13 0.491927 0.100463 0.018229 0.073148
13 0.575000 0.263426 0.016667 0.063889
40 0.637760 0.119907 0.014063 0.080556
40 0.706510 0.298148 0.011979 0.064815
18 0.287500 0.393519 0.014583 0.064815
18 0.359115 0.580556 0.013021 0.068519
48 0.401823 0.419907 0.016146 0.067593
48 0.475781 0.597222 0.014063 0.061111
26 0.509896 0.378704 0.018750 0.062963
26 0.575521 0.573611 0.015625 0.062037
31 0.623958 0.397222 0.014583 0.064815
31 0.687500 0.585185 0.014583 0.064815
0 0.391927 0.688889 0.020313 0.075926
0 0.455729 0.871296 0.013542 0.062963
9 0.499219 0.675926 0.019271 0.079630
9 0.566927 0.860648 0.014063 0.069444
22 0.625000 0.660648 0.019792 0.076852
22 0.690104 0.844444 0.012500 0.062963
