22 0.275000 0.091204 0.019792 0.063889
22 0.346875 0.277315 0.014583 0.073148
13 0.390104 0.108333 0.019792 0.068519
13 0.455990 0.290278 0.010937 0.063889
9 0.491927 0.115741 0.015104 0.064815
9 0.564583 0.292593 0.016667 0.068519
2 0.611719 0.104630 0.019271 0.077778
2 0.685156 0.276852 0.014063 0.068519
18 0.278385 0.375463 0.016146 0.063889
40 0.386458 0.381481 0.016667 0.066667
40 0.453646 0.561574 0.015625 0.069444
43 0.496094 0.400000 0.013021 0.064815
43 0.571354 0.567593 0.016667 0.068519
32 0.615104 0.401389 0.016667 0.062037
32 0.681510 0.581019 0.022396 0.063889
21 0.353125 0.841667 0.019792 0.070370
42 0.381250 0.682870 0.016667 0.069444
42 0.453385 0.854630 0.016146 0.068519
25 0.494531 0.675000 0.021354 0.072222
25 0.572656 0.849537 0.019271 0.073148
26 0.617188 0.678704 0.013542 0.064815
26 0.686979 0.866204 0.019792 0.069444
