48 0.288021 0.091204 0.019792 0.067593
48 0.357552 0.276852 0.015104 0.062963
32 0.393750 0.112500 0.013542 0.067593
32 0.468229 0.293519 0.013542 0.068519
43 0.497396 0.099537 0.015625 0.067593
43 0.572656 0.276389 0.016146 0.069444
40 0.284375 0.390278 0.017708 0.073148
40 0.354687 0.572685 0.013542 0.065741
39 0.393490 0.394444 0.015104 0.072222
39 0.467448 0.575463 0.014063 0.067593
10 0.503385 0.379167 0.017188 0.067593
10 0.575260 0.556019 0.015104 0.065741
31 0.619010 0.373611 0.013021 0.073148
31 0.683333 0.562500 0.015625 0.073148
13 0.618229 0.675000 0.014583 0.077778
13 0.687240 0.855093 0.014063 0.069444
