36 0.279427 0.088426 0.015104 0.062037
36 0.351042 0.276852 0.016667 0.062963
30 0.510938 0.110648 0.013542 0.063889
30 0.583073 0.292593 0.014063 0.062963
20 0.622917 0.101852 0.012500 0.070370
20 0.695052 0.284259 0.017188 0.066667
50 0.284896 0.377315 0.014583 0.067593
50 0.359115 0.562963 0.015104 0.066667
34 0.397135 0.396296 0.018229 0.066667
34 0.471875 0.569907 0.013542 0.060185
11 0.509896 0.393056 0.014583 0.065741
11 0.580990 0.567593 0.014063 0.064815
8 0.625781 0.389352 0.018229 0.069444
8 0.694271 0.572685 0.017708 0.067593
28 0.403385 0.679630 0.016146 0.062963
28 0.466146 0.872685 0.014583 0.065741
