49 0.289583 0.099074 0.013542 0.072222
49 0.351562 0.293056 0.016667 0.067593
30 0.388542 0.118981 0.013542 0.071296
30 0.467969 0.287963 0.015104 0.061111
45 0.503125 0.123148 0.014583 0.064815
45 0.579167 0.298148 0.018750 0.064815
10 0.609896 0.122222 0.019792 0.066667
10 0.701562 0.277315 0.016667 0.069444
6 0.278646 0.401389 0.015625 0.073148
6 0.358594 0.578241 0.016146 0.065741
35 0.386458 0.401852 0.016667 0.070370
35 0.463021 0.574537 0.016667 0.062037
16 0.497656 0.393981 0.018229 0.060185
16 0.570052 0.569907 0.014063 0.065741
31 0.597135 0.425000 0.017188 0.068519
31 0.690885 0.567593 0.021354 0.064815
50 0.288542 0.671759 0.014583 0.071296
50 0.358333 0.856944 0.016667 0.067593
44 0.387500 0.693056 0.014583 0.071296
44 0.465885 0.863426 0.019271 0.067593
17 0.496094 0.692593 0.017188 0.068519
17 0.577344 0.861111 0.015104 0.068519
42 0.613281 0.705093 0.013021 0.073148
42 0.690625 0.882870 0.014583 0.065741
