21 0.279948 0.124074 0.015104 0.068519
21 0.360417 0.291667 0.013542 0.061111
32 0.386719 0.121296 0.013021 0.062963
32 0.468229 0.294907 0.016667 0.058333
26 0.494792 0.126852 0.016667 0.066667
26 0.577865 0.297685 0.013021 0.060185
18 0.613802 0.121296 0.017188 0.062963
18 0.687500 0.303704 0.011458 0.062963
42 0.283333 0.391204 0.014583 0.073148
42 0.353646 0.577315 0.014583 0.067593
22 0.392969 0.385648 0.014063 0.062037
22 0.466667 0.565741 0.013542 0.061111
43 0.502865 0.400463 0.014063 0.065741
43 0.578906 0.578704 0.019271 0.066667
13 0.610417 0.405093 0.018750 0.063889
13 0.680469 0.582407 0.016146 0.064815
1 0.287760 0.668519 0.016146 0.072222
1 0.355990 0.856944 0.018229 0.065741
19 0.395833 0.678704 0.017708 0.066667
19 0.476823 0.845833 0.018229 0.069444
25 0.503906 0.671759 0.020313 0.071296
25 0.582812 0.845833 0.015625 0.069444
46 0.610156 0.673611 0.017188 0.069444
46 0.683594 0.852315 0.015104 0.062037
