20 0.284635 0.106019 0.016146 0.060185
20 0.360938 0.283333 0.018750 0.062963
45 0.390365 0.123611 0.013021 0.069444
45 0.466667 0.294907 0.015625 0.060185
11 0.496615 0.116667 0.016146 0.072222
11 0.571875 0.288426 0.015625 0.067593
29 0.604948 0.116204 0.015104 0.071296
29 0.680990 0.292130 0.015104 0.073148
39 0.291927 0.390741 0.013021 0.066667
39 0.359635 0.579630 0.014063 0.059259
17 0.391406 0.406944 0.018229 0.071296
17 0.468490 0.579630 0.016146 0.066667
5 0.493490 0.406019 0.019271 0.063889
5 0.573698 0.570833 0.014063 0.071296
14 0.603646 0.416667 0.014583 0.066667
14 0.682552 0.586111 0.013021 0.066667
7 0.279948 0.691667 0.018229 0.074074
7 0.359896 0.858333 0.014583 0.070370
51 0.391667 0.681019 0.014583 0.069444
51 0.465365 0.860648 0.015104 0.069444
44 0.501302 0.690741 0.015104 0.066667
44 0.574479 0.862037 0.013542 0.061111
12 0.602344 0.704167 0.014063 0.065741
12 0.677083 0.878704 0.012500 0.068519
