12 0.400521 0.107870 0.018750 0.065741
12 0.473438 0.285185 0.017708 0.062963
51 0.284896 0.382407 0.018750 0.075926
51 0.344271 0.580093 0.014583 0.062037
49 0.389323 0.392593 0.015104 0.070370
49 0.462240 0.565278 0.014063 0.069444
38 0.499740 0.394907 0.016146 0.063889
38 0.575521 0.570833 0.017708 0.065741
5 0.621615 0.406019 0.010937 0.063889
5 0.695312 0.580093 0.017708 0.069444
44 0.503385 0.679167 0.013021 0.073148
44 0.578385 0.856019 0.018229 0.060185
41 0.626563 0.124074 0.016667 0.068519
41 0.701562 0.298148 0.015625 0.055556
