24 0.285156 0.101852 0.019271 0.062963
24 0.358594 0.286111 0.016146 0.062963
29 0.387240 0.118519 0.018229 0.075926
29 0.463802 0.296296 0.015104 0.062963
20 0.492448 0.131481 0.020313 0.070370
20 0.570833 0.305093 0.013542 0.069444
5 0.602604 0.135185 0.012500 0.075926
5 0.679427 0.305556 0.015104 0.068519
11 0.283854 0.416667 0.014583 0.074074
11 0.366146 0.583333 0.016667 0.062963
28 0.394792 0.412500 0.018750 0.062037
28 0.474219 0.581944 0.017188 0.067593
23 0.502083 0.399537 0.020833 0.065741
23 0.573698 0.580556 0.014063 0.064815
7 0.606510 0.410185 0.015104 0.074074
7 0.683854 0.581944 0.016667 0.065741
51 0.289583 0.684722 0.019792 0.071296
51 0.361979 0.856481 0.016667 0.074074
39 0.404167 0.699074 0.017708 0.070370
39 0.476562 0.872222 0.015625 0.070370
36 0.498177 0.691667 0.017188 0.066667
36 0.583073 0.855093 0.015104 0.063889
15 0.616667 0.688426 0.016667 0.071296
15 0.682292 0.867130 0.015625 0.071296
