12 0.388802 0.111574 0.013021 0.063889
12 0.462760 0.286111 0.016146 0.062963
5 0.280729 0.395370 0.016667 0.064815
5 0.352344 0.576389 0.015104 0.073148
38 0.510156 0.105556 0.019271 0.066667
38 0.580469 0.294444 0.017188 0.061111
49 0.391927 0.395370 0.017188 0.075926
49 0.466667 0.568056 0.015625 0.069444
44 0.505469 0.410185 0.016146 0.061111
44 0.577344 0.586111 0.015104 0.072222
41 0.632031 0.404167 0.014063 0.067593
41 0.698438 0.586111 0.015625 0.066667
51 0.387500 0.699537 0.014583 0.063889
51 0.458594 0.877315 0.015104 0.069444
