13 0.606510 0.125463 0.016146 0.063889
13 0.676823 0.300926 0.015104 0.068519
32 0.599740 0.394907 0.017188 0.065741
32 0.673177 0.574074 0.019271 0.070370
25 0.597917 0.690741 0.017708 0.074074
25 0.677344 0.865278 0.019271 0.062037
26 0.500260 0.126852 0.014063 0.068519
26 0.572135 0.309259 0.016146 0.062963
38 0.388021 0.399074 0.019792 0.062963
38 0.466927 0.575000 0.021354 0.064815
18 0.394271 0.680556 0.013542 0.064815
18 0.468750 0.862037 0.014583 0.074074
22 0.279948 0.396296 0.018229 0.066667
22 0.354427 0.570833 0.016146 0.062037
4 0.495312 0.395833 0.017708 0.067593
4 0.566927 0.572222 0.013021 0.064815
19 0.389323 0.103704 0.017188 0.064815
19 0.467969 0.274537 0.013021 0.065741
1 0.276042 0.108796 0.014583 0.060185
1 0.350781 0.287963 0.016146 0.064815
43 0.286198 0.673611 0.016146 0.073148
46 0.500000 0.678241 0.013542 0.065741
46 0.574219 0.852315 0.018229 0.060185
