48 0.618750 0.183796 0.023958 0.095370
20 0.426823 0.195370 0.025521 0.092593
20 0.548177 0.477315 0.028646 0.106481
22 0.632812 0.523148 0.026042 0.101852
22 0.772656 0.826852 0.025521 0.114815
19 0.381771 0.536574 0.026042 0.100926
19 0.506510 0.839815 0.026562 0.116667
17 0.231771 0.210648 0.020833 0.089815
17 0.352344 0.484722 0.025521 0.097222
12 0.141927 0.559259 0.024479 0.107407
12 0.268750 0.852315 0.028125 0.113889
45 0.037760 0.229167 0.023438 0.097222
7 0.036458 0.859259 0.027083 0.111111
