7 0.284896 0.384259 0.018750 0.072222
7 0.356771 0.572222 0.017708 0.061111
35 0.411458 0.107870 0.018750 0.071296
35 0.479948 0.291204 0.020313 0.071296
45 0.397656 0.405093 0.017188 0.062037
45 0.472135 0.575000 0.016146 0.075926
37 0.521354 0.109722 0.015625 0.073148
37 0.592187 0.289815 0.014583 0.068519
19 0.508854 0.391667 0.014583 0.070370
19 0.579688 0.574074 0.012500 0.064815
47 0.621354 0.410648 0.016667 0.073148
47 0.690885 0.594907 0.011979 0.069444
46 0.501042 0.681944 0.019792 0.065741
46 0.581510 0.863426 0.017188 0.067593
