20 0.291667 0.372222 0.020833 0.070370
20 0.365104 0.557870 0.015625 0.062037
50 0.400521 0.112500 0.017708 0.065741
50 0.476042 0.291204 0.017708 0.065741
28 0.500260 0.118519 0.021354 0.075926
28 0.576302 0.293519 0.016146 0.062963
8 0.406250 0.390278 0.015625 0.073148
8 0.475260 0.575000 0.015104 0.059259
11 0.291927 0.658796 0.021354 0.073148
11 0.358594 0.847685 0.016146 0.060185
34 0.515885 0.390741 0.022396 0.064815
34 0.586719 0.570370 0.021354 0.062963
36 0.508594 0.674074 0.018229 0.072222
36 0.580729 0.854167 0.015625 0.069444
30 0.621615 0.388889 0.015104 0.070370
30 0.690625 0.578704 0.014583 0.064815
