24 0.285417 0.099537 0.017708 0.063889
24 0.359375 0.287963 0.014583 0.066667
29 0.387500 0.119907 0.015625 0.065741
29 0.466667 0.293981 0.019792 0.060185
20 0.495312 0.128241 0.017708 0.069444
20 0.572917 0.302315 0.019792 0.063889
5 0.603646 0.129630 0.016667 0.077778
5 0.678646 0.299537 0.013542 0.063889
11 0.285938 0.412963 0.019792 0.072222
11 0.366146 0.585648 0.017708 0.067593
28 0.393750 0.413426 0.019792 0.071296
28 0.475260 0.580556 0.018229 0.064815
23 0.503385 0.400463 0.015104 0.065741
23 0.574740 0.580556 0.016146 0.062963
7 0.605469 0.415278 0.015104 0.075000
7 0.684115 0.579167 0.016146 0.071296
51 0.291146 0.680093 0.018750 0.067593
51 0.363021 0.861111 0.016667 0.068519
39 0.403906 0.695833 0.018229 0.076852
39 0.476823 0.871759 0.016146 0.067593
36 0.498177 0.692593 0.017188 0.068519
36 0.583594 0.859722 0.020313 0.067593
15 0.613021 0.688426 0.018750 0.073148
15 0.683073 0.870370 0.015104 0.061111
