43 0.295573 0.081481 0.014063 0.081481
43 0.366927 0.272685 0.018229 0.063889
32 0.388542 0.118519 0.017708 0.066667
32 0.466146 0.295833 0.016667 0.069444
22 0.504167 0.128241 0.016667 0.062037
22 0.578906 0.309259 0.015104 0.057407
25 0.620313 0.115741 0.014583 0.085185
25 0.694792 0.292130 0.014583 0.069444
26 0.304427 0.381944 0.017188 0.063889
26 0.367188 0.575926 0.015625 0.072222
18 0.417448 0.406019 0.021354 0.063889
18 0.495052 0.578241 0.018229 0.065741
42 0.515885 0.391667 0.016146 0.070370
42 0.587500 0.570833 0.013542 0.062037
46 0.618490 0.395370 0.010937 0.061111
46 0.689063 0.574074 0.017708 0.062963
19 0.283594 0.679167 0.018229 0.076852
19 0.365104 0.855093 0.015625 0.069444
1 0.413281 0.666667 0.022396 0.070370
1 0.483333 0.847685 0.013542 0.073148
21 0.510938 0.674537 0.012500 0.065741
21 0.585938 0.843981 0.016667 0.065741
13 0.612760 0.677315 0.021354 0.069444
13 0.683073 0.863426 0.019271 0.067593
