9 0.269531 0.108796 0.021354 0.069444
9 0.352604 0.274074 0.016667 0.062963
42 0.386979 0.090278 0.018750 0.086111
42 0.459115 0.276389 0.017188 0.063889
18 0.499219 0.099537 0.018229 0.071296
18 0.575781 0.281019 0.015104 0.065741
26 0.614062 0.099537 0.014583 0.075000
26 0.691146 0.275926 0.014583 0.057407
25 0.277344 0.380093 0.018229 0.069444
25 0.350781 0.567593 0.018229 0.064815
40 0.386979 0.410185 0.020833 0.072222
40 0.466667 0.577778 0.019792 0.068519
32 0.496875 0.408796 0.016667 0.063889
32 0.572656 0.585185 0.019271 0.064815
13 0.614062 0.402315 0.016667 0.071296
13 0.686198 0.575463 0.017188 0.065741
22 0.267188 0.677315 0.018750 0.069444
22 0.341927 0.861574 0.019271 0.062037
43 0.392969 0.705093 0.014063 0.071296
43 0.463542 0.881944 0.015625 0.069444
21 0.507031 0.699537 0.015104 0.063889
21 0.575781 0.881481 0.018229 0.070370
2 0.612500 0.676852 0.021875 0.057407
2 0.685417 0.849537 0.014583 0.078704
