38 0.396615 0.109259 0.014063 0.072222
38 0.469271 0.289815 0.017708 0.061111
41 0.510938 0.113426 0.013542 0.078704
41 0.584896 0.284722 0.014583 0.067593
12 0.392188 0.400926 0.015625 0.074074
12 0.466667 0.572222 0.013542 0.072222
5 0.514062 0.398148 0.018750 0.068519
5 0.586979 0.573148 0.014583 0.072222
49 0.637760 0.429167 0.014063 0.086111
49 0.705990 0.613889 0.015104 0.074074
51 0.384375 0.709259 0.018750 0.062963
51 0.449740 0.898611 0.017188 0.075000
44 0.502083 0.690741 0.017708 0.066667
44 0.570573 0.869907 0.016146 0.071296
