22 0.421354 0.100463 0.021875 0.062037
22 0.498958 0.278704 0.015625 0.066667
25 0.288802 0.397685 0.015104 0.078704
25 0.360417 0.580556 0.016667 0.074074
26 0.406250 0.402315 0.015625 0.062037
26 0.476302 0.587500 0.015104 0.062037
27 0.529427 0.400000 0.013021 0.074074
27 0.597917 0.583333 0.015625 0.068519
49 0.295573 0.722685 0.017188 0.063889
49 0.385417 0.871759 0.018750 0.069444
51 0.520573 0.673148 0.014063 0.061111
51 0.594792 0.850926 0.016667 0.072222
40 0.622135 0.700000 0.011979 0.068519
40 0.695573 0.884722 0.016146 0.071296
