6 0.283854 0.098611 0.018750 0.069444
6 0.346354 0.291667 0.018750 0.059259
44 0.385677 0.112500 0.018229 0.065741
44 0.466667 0.281019 0.017708 0.067593
17 0.502344 0.108333 0.015104 0.070370
17 0.576562 0.283796 0.013542 0.069444
42 0.625000 0.114352 0.012500 0.063889
42 0.686458 0.311111 0.016667 0.064815
10 0.274479 0.380556 0.021875 0.064815
10 0.345833 0.564815 0.016667 0.062963
16 0.388542 0.385185 0.017708 0.068519
16 0.463021 0.564352 0.016667 0.063889
50 0.500260 0.389815 0.016146 0.066667
50 0.579948 0.564352 0.013021 0.067593
45 0.608594 0.387500 0.019271 0.067593
45 0.682292 0.566204 0.015625 0.073148
30 0.291406 0.682870 0.016146 0.062037
30 0.362760 0.868519 0.016146 0.074074
35 0.396094 0.687500 0.016146 0.078704
35 0.472135 0.854167 0.013021 0.065741
31 0.496615 0.684722 0.016146 0.080556
31 0.573958 0.862037 0.018750 0.068519
49 0.603906 0.681944 0.016146 0.078704
49 0.684375 0.860185 0.017708 0.074074
