2 0.270313 0.113426 0.017708 0.065741
2 0.344271 0.297222 0.016667 0.066667
40 0.382292 0.117130 0.014583 0.069444
40 0.459635 0.289815 0.015104 0.062963
0 0.487760 0.117593 0.018229 0.062963
0 0.559115 0.304630 0.015104 0.074074
48 0.601562 0.113889 0.018750 0.070370
48 0.681771 0.288426 0.016667 0.073148
47 0.277344 0.404167 0.020313 0.065741
47 0.357812 0.574074 0.018750 0.074074
37 0.389583 0.397685 0.018750 0.073148
37 0.462760 0.578704 0.014063 0.066667
9 0.496354 0.397685 0.019792 0.073148
9 0.560156 0.580093 0.013021 0.075000
41 0.611719 0.401852 0.016146 0.077778
41 0.684375 0.574074 0.016667 0.075926
3 0.287760 0.675926 0.016146 0.070370
3 0.363281 0.847222 0.015104 0.061111
12 0.395833 0.660185 0.019792 0.074074
12 0.463281 0.843981 0.017188 0.060185
8 0.501823 0.675000 0.016146 0.066667
8 0.568229 0.868056 0.014583 0.075000
14 0.614062 0.690278 0.018750 0.062037
14 0.694271 0.863889 0.017708 0.064815
