29 0.409375 0.112037 0.016667 0.066667
29 0.486719 0.289815 0.016146 0.081481
30 0.282813 0.398148 0.012500 0.062963
30 0.355990 0.578241 0.011979 0.056481
8 0.403385 0.395370 0.017188 0.074074
8 0.467969 0.581944 0.018229 0.065741
15 0.509896 0.400463 0.014583 0.080556
15 0.587240 0.571296 0.020313 0.062963
24 0.621615 0.390741 0.019271 0.072222
24 0.705208 0.554630 0.016667 0.070370
1 0.387760 0.687500 0.018229 0.069444
1 0.456771 0.871759 0.018750 0.067593
23 0.519010 0.683333 0.017188 0.061111
23 0.587240 0.868056 0.016146 0.062037
