38 0.379427 0.108796 0.017188 0.065741
38 0.457031 0.290278 0.016146 0.062037
51 0.279167 0.362037 0.014583 0.062963
51 0.342448 0.556944 0.018229 0.075000
12 0.391146 0.394444 0.015625 0.072222
12 0.457292 0.581944 0.015625 0.060185
49 0.499219 0.389815 0.015104 0.075926
49 0.568490 0.575926 0.015104 0.074074
41 0.611719 0.380093 0.016146 0.069444
41 0.684635 0.550926 0.015104 0.070370
44 0.387240 0.681019 0.018229 0.078704
44 0.456510 0.857407 0.014063 0.072222
5 0.616667 0.676389 0.014583 0.075000
5 0.689063 0.853241 0.014583 0.071296
