40 0.273958 0.108333 0.017708 0.068519
40 0.350781 0.284722 0.022396 0.065741
2 0.382812 0.118519 0.013542 0.079630
2 0.457813 0.297222 0.014583 0.059259
47 0.496354 0.101852 0.015625 0.062963
47 0.561979 0.286574 0.016667 0.063889
48 0.617448 0.100000 0.017188 0.066667
48 0.667448 0.302315 0.016146 0.069444
14 0.276302 0.402315 0.018229 0.069444
14 0.353906 0.577315 0.015104 0.069444
12 0.389062 0.399074 0.014583 0.077778
12 0.464323 0.571296 0.017188 0.070370
41 0.498698 0.399537 0.018229 0.069444
41 0.575781 0.573611 0.015104 0.063889
9 0.607031 0.401389 0.016146 0.082407
9 0.679688 0.577778 0.015625 0.068519
37 0.279167 0.662963 0.014583 0.070370
37 0.352604 0.839815 0.014583 0.064815
3 0.386719 0.668981 0.014063 0.073148
3 0.463802 0.844444 0.016146 0.066667
0 0.496094 0.677778 0.013021 0.064815
0 0.572396 0.847222 0.013542 0.061111
8 0.605208 0.693056 0.015625 0.067593
8 0.682292 0.863889 0.019792 0.079630
