46 0.291406 0.136111 0.014063 0.055556
46 0.371875 0.313426 0.015625 0.063889
19 0.514323 0.139815 0.014063 0.064815
19 0.590885 0.315741 0.015104 0.064815
37 0.518229 0.414352 0.015625 0.063889
37 0.590625 0.593056 0.015625 0.067593
47 0.622396 0.420370 0.016667 0.068519
47 0.698698 0.591204 0.017188 0.071296
7 0.409375 0.414815 0.013542 0.062963
7 0.481250 0.593519 0.016667 0.064815
45 0.512500 0.693981 0.014583 0.065741
45 0.576042 0.880556 0.014583 0.062963
35 0.271354 0.419907 0.017708 0.063889
35 0.356250 0.584259 0.017708 0.062963
