21 0.280208 0.127778 0.013542 0.075926
21 0.360677 0.286111 0.017188 0.062963
32 0.388542 0.122685 0.016667 0.073148
32 0.466406 0.296759 0.020313 0.062037
22 0.507292 0.129167 0.016667 0.071296
22 0.578125 0.310185 0.012500 0.068519
25 0.620573 0.118519 0.015104 0.072222
25 0.694531 0.295370 0.015104 0.066667
42 0.282031 0.393519 0.015104 0.064815
42 0.353906 0.573611 0.015104 0.063889
26 0.392969 0.390741 0.021354 0.077778
26 0.468229 0.574074 0.012500 0.075926
18 0.509115 0.391667 0.017188 0.075926
18 0.578125 0.575926 0.012500 0.059259
46 0.615885 0.401852 0.018229 0.070370
46 0.684375 0.581944 0.017708 0.065741
1 0.288021 0.665278 0.019792 0.071296
1 0.356771 0.851852 0.019792 0.068519
19 0.397656 0.678241 0.020313 0.067593
19 0.474219 0.846759 0.016146 0.065741
43 0.506510 0.677315 0.018229 0.069444
43 0.580469 0.851852 0.013021 0.062963
13 0.609896 0.671296 0.012500 0.074074
13 0.685156 0.852315 0.016146 0.063889
