32 0.281250 0.109259 0.015625 0.061111
32 0.355729 0.286574 0.015625 0.069444
40 0.501302 0.115278 0.015104 0.073148
40 0.572917 0.291667 0.016667 0.066667
39 0.282292 0.383333 0.020833 0.066667
39 0.357812 0.561111 0.017708 0.070370
48 0.386458 0.393519 0.017708 0.074074
48 0.463802 0.568981 0.018229 0.073148
31 0.502865 0.395370 0.016146 0.070370
31 0.576562 0.568981 0.016667 0.067593
43 0.611458 0.397685 0.020833 0.078704
43 0.686458 0.570370 0.012500 0.075926
10 0.390885 0.673611 0.018229 0.076852
10 0.460938 0.851852 0.017708 0.075926
13 0.492448 0.668981 0.017188 0.073148
13 0.566406 0.842593 0.015104 0.068519
