35 0.287500 0.113426 0.014583 0.069444
35 0.363281 0.293056 0.018229 0.069444
38 0.393229 0.105093 0.017708 0.062037
38 0.470313 0.287037 0.016667 0.070370
0 0.502604 0.115278 0.015625 0.065741
0 0.576042 0.293056 0.016667 0.063889
19 0.607812 0.117130 0.019792 0.075000
19 0.685417 0.290741 0.011458 0.075926
34 0.291406 0.388426 0.016146 0.063889
34 0.364323 0.570833 0.013021 0.067593
47 0.400260 0.390741 0.015104 0.077778
47 0.470833 0.574074 0.016667 0.068519
1 0.507292 0.400926 0.016667 0.066667
1 0.576302 0.582870 0.016146 0.065741
24 0.608073 0.403704 0.016146 0.072222
24 0.682813 0.578704 0.014583 0.066667
46 0.287500 0.668519 0.018750 0.064815
46 0.362760 0.850926 0.017188 0.066667
8 0.405208 0.678241 0.017708 0.071296
8 0.473958 0.861574 0.015625 0.075000
48 0.502083 0.670833 0.016667 0.073148
48 0.576302 0.846759 0.013021 0.080556
33 0.610417 0.683796 0.018750 0.075000
33 0.683073 0.859259 0.015104 0.066667
