2 0.271094 0.117130 0.020313 0.062037
2 0.346615 0.297685 0.018229 0.067593
0 0.381250 0.131019 0.028125 0.071296
0 0.460156 0.297222 0.021354 0.066667
40 0.502865 0.134722 0.019271 0.062037
40 0.579427 0.307870 0.018229 0.073148
48 0.601042 0.113889 0.014583 0.068519
48 0.682292 0.285648 0.017708 0.065741
47 0.275781 0.396759 0.018229 0.073148
47 0.359635 0.573611 0.021354 0.062037
37 0.390625 0.399074 0.016667 0.062963
37 0.463802 0.580093 0.018229 0.063889
9 0.496094 0.399074 0.017188 0.070370
9 0.560417 0.580556 0.014583 0.062963
41 0.610677 0.401852 0.015104 0.070370
41 0.683073 0.577778 0.014063 0.070370
3 0.288281 0.675926 0.020313 0.079630
3 0.362500 0.849537 0.017708 0.069444
12 0.395573 0.660648 0.017188 0.062037
12 0.464323 0.844907 0.017188 0.069444
8 0.503125 0.685185 0.018750 0.079630
8 0.569531 0.866667 0.019271 0.064815
14 0.612500 0.688426 0.015625 0.073148
14 0.690625 0.862500 0.015625 0.065741
