6 0.274479 0.101389 0.018750 0.067593
6 0.354427 0.280093 0.015104 0.063889
48 0.385156 0.117593 0.017188 0.064815
48 0.461198 0.299074 0.020313 0.062963
8 0.494531 0.111111 0.020313 0.074074
8 0.563542 0.295833 0.013542 0.076852
33 0.601823 0.120833 0.018229 0.071296
33 0.679427 0.295370 0.015104 0.066667
38 0.279427 0.398611 0.019271 0.069444
38 0.357031 0.576389 0.017188 0.069444
47 0.389323 0.400000 0.021354 0.064815
47 0.464583 0.572222 0.017708 0.061111
3 0.496354 0.398611 0.015625 0.069444
3 0.571875 0.579167 0.022917 0.067593
34 0.601823 0.393981 0.018229 0.067593
34 0.679948 0.566204 0.018229 0.058333
4 0.286458 0.677778 0.016667 0.072222
4 0.356771 0.853704 0.016667 0.072222
24 0.391406 0.684722 0.014063 0.073148
24 0.466406 0.861574 0.021354 0.063889
0 0.494531 0.676852 0.019271 0.070370
0 0.570833 0.851852 0.017708 0.062963
35 0.605208 0.679630 0.017708 0.057407
35 0.678646 0.858333 0.017708 0.061111
