42 0.286198 0.114352 0.013021 0.071296
42 0.353906 0.304630 0.015104 0.072222
32 0.385417 0.115741 0.018750 0.064815
32 0.456771 0.300000 0.014583 0.070370
26 0.495573 0.130093 0.019271 0.069444
26 0.578125 0.296296 0.015625 0.064815
18 0.613542 0.124074 0.017708 0.068519
18 0.686458 0.305093 0.013542 0.065741
21 0.279167 0.394907 0.018750 0.075000
21 0.359635 0.563426 0.022396 0.065741
22 0.391406 0.385648 0.019271 0.063889
22 0.465625 0.567593 0.019792 0.068519
43 0.504948 0.406019 0.019271 0.069444
43 0.579688 0.580556 0.016667 0.075926
13 0.610156 0.406481 0.020313 0.066667
13 0.680729 0.581019 0.016667 0.069444
19 0.295052 0.667593 0.022396 0.075926
19 0.373958 0.839815 0.016667 0.064815
1 0.406510 0.658333 0.015104 0.066667
1 0.477865 0.836111 0.016146 0.072222
46 0.506510 0.678241 0.015104 0.058333
46 0.580469 0.852778 0.017188 0.062963
25 0.607812 0.680093 0.017708 0.069444
25 0.683333 0.860648 0.015625 0.069444
