29 0.602344 0.397685 0.014063 0.063889
29 0.675521 0.574537 0.014583 0.060185
16 0.491927 0.122222 0.017188 0.064815
16 0.567969 0.298148 0.018229 0.062963
23 0.494271 0.405093 0.015625 0.056481
23 0.567708 0.581944 0.017708 0.062037
15 0.394271 0.397685 0.016667 0.060185
15 0.461458 0.582407 0.013542 0.070370
14 0.383333 0.683333 0.016667 0.059259
14 0.453646 0.866204 0.015625 0.063889
24 0.281771 0.389815 0.015625 0.070370
24 0.354948 0.575463 0.015104 0.067593
1 0.271615 0.117593 0.014063 0.064815
1 0.352344 0.289815 0.019271 0.061111
