22 0.277344 0.093519 0.018229 0.085185
22 0.348438 0.291204 0.017708 0.067593
38 0.388542 0.107407 0.015625 0.081481
38 0.459635 0.292593 0.015104 0.070370
25 0.500781 0.100000 0.014063 0.066667
25 0.563542 0.296759 0.016667 0.069444
46 0.615365 0.124537 0.017188 0.069444
46 0.688021 0.298611 0.015625 0.065741
19 0.270052 0.407407 0.015104 0.064815
19 0.342708 0.591667 0.014583 0.062963
43 0.383854 0.414815 0.017708 0.081481
43 0.464583 0.585185 0.025000 0.074074
32 0.492448 0.418981 0.017188 0.069444
32 0.572396 0.585648 0.016667 0.063889
26 0.608854 0.404167 0.017708 0.067593
26 0.683333 0.583333 0.014583 0.062963
18 0.288802 0.699074 0.021354 0.068519
18 0.360938 0.881481 0.013542 0.064815
1 0.401562 0.705093 0.020833 0.073148
1 0.474740 0.883796 0.018229 0.065741
4 0.502865 0.696759 0.018229 0.069444
4 0.583854 0.863426 0.015625 0.063889
13 0.605208 0.685185 0.014583 0.064815
13 0.681510 0.857407 0.019271 0.059259
