20 0.427865 0.167130 0.027604 0.095370
20 0.548438 0.424537 0.026042 0.086111
22 0.623437 0.477778 0.019792 0.101852
22 0.754167 0.759259 0.027083 0.109259
17 0.246615 0.179167 0.022396 0.087963
17 0.360938 0.435185 0.023958 0.101852
19 0.392188 0.486574 0.021875 0.097222
19 0.504687 0.768056 0.023958 0.108333
48 0.610938 0.154630 0.021875 0.092593
12 0.165365 0.501852 0.020313 0.094444
12 0.282813 0.778704 0.025000 0.109259
45 0.063542 0.197685 0.021875 0.095370
7 0.063021 0.790278 0.030208 0.102778
