16 0.504687 0.386574 0.023958 0.076852
16 0.575521 0.564815 0.017708 0.072222
23 0.388542 0.396296 0.015625 0.075926
23 0.460417 0.569907 0.017708 0.067593
37 0.504687 0.678704 0.020833 0.070370
37 0.579948 0.853704 0.015104 0.066667
15 0.610417 0.678704 0.017708 0.064815
15 0.679688 0.860185 0.017708 0.068519
41 0.613021 0.118519 0.016667 0.070370
41 0.688021 0.291204 0.016667 0.063889
49 0.611458 0.393981 0.015625 0.062037
10 0.394792 0.667130 0.018750 0.060185
10 0.466146 0.851852 0.015625 0.070370
36 0.279948 0.672685 0.019271 0.063889
36 0.350781 0.856944 0.016146 0.067593
28 0.285938 0.401852 0.018750 0.068519
28 0.361979 0.573148 0.016667 0.066667
30 0.397917 0.119444 0.015625 0.070370
30 0.471354 0.294907 0.015625 0.062037
31 0.505729 0.116204 0.016667 0.067593
31 0.576302 0.292593 0.017188 0.068519
50 0.270573 0.122685 0.018229 0.063889
50 0.353646 0.291204 0.017708 0.065741
