48 0.620052 0.181944 0.029687 0.108333
45 0.038021 0.229167 0.020833 0.102778
17 0.230990 0.211111 0.025521 0.101852
17 0.352344 0.482407 0.022396 0.103704
19 0.382552 0.538426 0.022396 0.104630
19 0.506510 0.838889 0.026562 0.114815
22 0.631250 0.528704 0.026042 0.112963
22 0.772135 0.831019 0.028646 0.112037
20 0.423698 0.194444 0.022396 0.090741
20 0.550781 0.479167 0.030729 0.110185
12 0.144271 0.557407 0.025000 0.103704
12 0.270052 0.852778 0.026562 0.114815
7 0.034896 0.855093 0.030208 0.108333
